js/windd-china.js
{"header": { "discipline": 0, "disciplineName": "Meteorological products", "gribEdition": 2, "gribLength": 133963, "center": 7, "centerName": "US National Weather Service - NCEP(WMC)", "subcenter": 0, "refTime": "2014-11-30T06:00:00.000Z", "significanceOfRT": 1, "significanceOfRTName": "Start of forecast", "productStatus": 0, "productStatusName": "Operational products", "productType": 1, "productTypeName": "Forecast products", "productDefinitionTemplate": 0, "productDefinitionTemplateName": "Analysis/forecast at horizontal level/layer at a point in time", "parameterCategory": 2, "parameterCategoryName": "Momentum", "parameterNumber": 2, "parameterNumberName": "U-component_of_wind", "parameterUnit": "m.s-1", "genProcessType": 2, "genProcessTypeName": "Forecast", "forecastTime": 6, "surface1Type": 100, "surface1TypeName": "Isobaric surface", "surface1Value": 85000, "surface2Type": 255, "surface2TypeName": "Missing", "surface2Value": 0, "gridDefinitionTemplate": 0, "gridDefinitionTemplateName": "Latitude_Longitude", "numberPoints": 65160, "shape": 6, "shapeName": "Earth spherical with radius of 6,371,229.0 m", "gridUnits": "degrees", "resolution": 48, "winds": "true", "scanMode": 0, "nx": 301, "ny": 201, "basicAngle": 0, "subDivisions": 0, "lo1": 70.0, "la1": 65.0, "lo2": 359, "la2": -90, "dx": 0.25, "dy": 0.25 }, "data":
[rows 26 to 51 of 201, columns 0 to 58 of 301]
1.7973849,0.7358779,0.67007697,0.5285065,0.5616094,0.28411797,0.14651465,0.3198983,0.017418822,-0.106291264,0.18914591,0.22248061,-0.004490399,0.21386899,0.54810125,0.19921158,-0.6085251,-0.802115,0.6709167,0.9809336,0.9280475,0.66285694,0.46427602,-0.009877733,-0.0682044,-0.32875964,-0.4176004,0.37472877,-0.4869052,-0.3944719,-0.67378217,-0.6019893,-0.6069983,-0.71220493,-0.64913774,-0.7738018,-0.84533757,-1.1210412,-1.1310606,-1.1754497,-1.159444,-1.1632842,-1.2331889,-1.0373719,-0.6642526,-0.76030856,-0.66380477,0.5100303,0.42269585,-0.4210967,-0.42516688,0.33232316,-0.5885601,-0.08567835,0.0690661,-0.59838474,0.42039996,0.091694534,0.10935231
2.0393813,0.68292737,0.5219932,0.5355377,0.4580251,-0.044556864,-0.99204737,-0.71851426,-0.26611257,-0.024202328,-0.40664342,-0.4887542,0.4229598,0.5780564,0.7330317,0.5522872,0.69904155,0.5967613,0.5876834,0.8013984,0.2799027,-0.09624704,-0.011244889,-0.22836967,-0.26406038,-0.15685435,0.39157993,-0.17117187,-0.58414614,-0.6150587,-0.19480653,-0.8597267,-0.81351763,-0.88710654,-0.711812,-0.7250964,-1.0619781,-1.0046169,-1.2505883,-1.3321532,-1.3349154,-1.4517,-1.4334666,-1.4510763,-1.149887,-1.078905,-0.970281,-0.3649383,-0.32840437,-0.12222152,-0.18016492,-0.17941602,-0.24000119,-0.4051855,-0.43272933,-0.43738902,-0.36907932,-0.5659988,-0.3208393
1.6798441,0.24574283,0.19809829,0.5019285,0.4677753,0.5888719,0.8019497,0.5309264,-0.5794926,-0.65822613,-0.6183952,-0.59200394,-0.26664466,0.4467633,0.25202808,0.28403246,0.55397975,0.5564978,0.5280591,0.20195869,0.6907944,0.69258475,0.5619495,0.25783682,-0.044374093,0.117127165,0.25244528,0.08003645,-0.34802812,-0.5102348,-0.6356607,-0.7533393,-1.0029945,-1.1180189,-0.94433326,-0.81075674,-0.90872437,-1.0819695,-1.139795,-1.2966359,-1.3741158,-1.4011155,-1.3474146,-1.3835851,-1.4385173,-1.4158891,-1.3728259,-1.1268418,-0.9870403,-0.8105176,-0.595525,-0.45866692,-0.4336357,-0.18857811,-0.40360183,-0.4537967,-0.37889406,-0.5094439,-0.65300167
0.50034755,-0.5137984,-0.30476108,0.10939284,-0.082427844,0.22139098,0.5237481,0.40596217,0.52194405,-0.27485016,-0.2956752,0.19025676,-0.12466329,0.043933682,-0.27831966,-0.10075384,-0.078552134,-0.10542416,0.34694636,0.6692684,0.64693195,0.62620467,0.5687707,-0.10270904,-0.43119732,0.09250618,0.18652415,-0.0075334157,-0.05225181,0.03936365,-0.3647727,-0.95775545,-0.64278454,-0.6262644,-0.6084907,-0.74459445,-1.2001638,-1.1362247,-1.0644516,-1.1388038,-1.2241615,-1.3133272,-1.2343205,-1.2947195,-1.3540027,-1.3228245,-1.2581643,-1.1967379,-1.045229,-0.91275054,-0.83813125,-0.9164497,-0.71669024,-0.42924717,-0.4356478,-0.46341062,-0.6093309,-0.6134857,-0.6250711
-0.7657654,-0.28358147,-0.68507904,-0.53546125,-0.33496198,-0.24256729,-0.17449994,0.24440448,0.16966717,0.073494785,0.12414389,-0.32185754,-0.11493862,0.08494285,-0.006681774,-0.21933718,-0.13490984,0.024963856,0.13591315,0.13404551,0.42260504,0.54698217,0.52962226,0.46322224,0.4308921,-0.027790861,-0.16901982,-0.10369859,-0.37235418,-0.33052588,-0.29529834,-0.4627532,-0.61580837,-0.63904345,-0.52464235,-0.8312275,-1.1524197,-1.1532643,-1.0109755,-1.0314251,-1.1654139,-1.24434,-1.2640064,-1.1508664,-1.2794117,-1.4420019,-1.3348054,-1.1425471,-1.1085263,-1.0738192,-1.0921065,-0.9593213,-0.9270013,-0.8408672,-0.6137817,-0.56087,-0.5115222,-0.64597714,-0.8455329
0.49749774,-0.5229714,-0.64185524,-0.5804344,-0.49883792,-0.4155926,-0.26291427,-0.06426188,-0.15869068,-0.025461916,-0.044315163,-0.4691136,-0.13663784,0.19409372,0.14034908,-0.013733113,-0.06312548,-0.43304884,-0.26557156,-0.16912664,-0.21336742,0.053418156,0.30566373,0.3342163,0.07396303,-0.14374468,-0.3329282,-0.5476993,-0.64950806,-0.4904198,-0.70812464,-0.95879114,-0.7527469,-0.52480775,-0.57234323,-0.8099576,-0.81660557,-1.0086983,-1.2005477,-1.1653444,-1.0788399,-1.1527014,-1.2254419,-1.2448494,-1.3338507,-1.3608022,-1.3689853,-1.2705519,-1.0435547,-1.1282374,-1.2544305,-1.1809678,-1.0743662,-1.014326,-0.9118196,-0.55719566,-0.518753,-0.61979175,-0.6952825
-0.20210025,-0.54675454,-0.506325,-0.41573003,-0.4152479,-0.55749786,-0.5450602,-0.405177,-0.35532558,-0.32314587,-0.09842078,-0.003350438,0.15959628,0.4347887,0.38036618,0.22402026,0.14153388,0.06385514,-0.32731578,-0.5494417,-0.42018506,-0.24930257,-0.08739357,0.25371125,0.03609076,-0.1712912,-0.24822353,-0.48758286,-0.67473525,-0.9047226,-0.9228462,-0.9912907,-1.3141942,-1.1113846,-0.83899987,-0.94899166,-1.006982,-0.91330045,-1.1657029,-1.289975,-1.2384002,-1.2219088,-1.3161116,-1.4025809,-1.256726,-1.2908381,-1.2627265,-1.2600677,-1.2940065,-1.1498988,-1.1450824,-1.2182208,-1.2291112,-1.1664779,-1.033811,-0.932492,-0.59359735,-0.5146564,-0.76840675
-0.10882133,-0.6535725,-0.4540165,-0.513855,-0.5814345,-0.49446547,-0.31482702,-0.36898127,-0.34874743,-0.218415,-0.12078353,-0.14327928,-0.1470284,0.04753903,0.14458695,0.042874392,-0.05191917,0.017773567,0.20106922,0.027796198,-0.5037614,-0.29193622,-0.050860573,-0.083360724,-0.24402916,-0.23119166,-0.014289989,-0.17593466,-0.455195,-0.82523865,-0.8403274,-0.90528995,-1.0360911,-1.1548246,-1.2945564,-1.2570088,-1.2422384,-1.264208,-1.2392576,-1.2818179,-1.2093965,-1.2757919,-1.3832082,-1.3478518,-1.4136657,-1.3616667,-1.3034346,-1.1580385,-1.1483691,-1.2023473,-1.1622996,-1.1988229,-1.3406293,-1.2894775,-1.1234617,-1.155124,-0.7413825,-0.7364376,-0.74910367
-0.5837674,-0.93213147,-0.36074808,-0.46484503,-0.511912,-0.4342378,-0.3546616,-0.31289676,-0.2837751,-0.2444814,-0.1934157,-0.15303518,-0.053801984,-4.78967E-4,-0.03035086,-0.1057562,-0.14597963,-0.19709979,-0.13065656,0.027052026,-0.45242637,-0.40417323,0.13689584,0.1489379,-0.13245144,-0.23844554,0.04805804,0.10541392,0.0020809332,-0.5036843,-0.7133215,-0.6475409,-0.53960705,-0.7961985,-1.1561446,-1.3633114,-1.4033861,-1.3843799,-1.3917946,-1.3782859,-1.4670869,-1.345674,-1.1960497,-1.1700795,-1.3094001,-1.3504401,-1.3383878,-1.2916288,-1.2323426,-1.195292,-1.3113017,-1.3333161,-1.336878,-1.2984269,-1.3350585,-1.4332727,-1.2078179,-1.0144833,-0.7329727
-0.7015103,-0.6500065,-0.15493204,-0.43591762,-0.3799755,-0.33859888,-0.22870894,-0.2863344,-0.33325878,-0.30156812,-0.26665533,-0.2377841,-0.115976185,-0.1554304,-0.17452687,-0.08014826,-0.08437785,-0.3352524,-0.35052484,0.06809377,-0.3215013,-0.47631007,-0.13502356,0.0063237604,-0.051186625,-0.18798214,0.020542381,0.020196008,0.0037265196,-0.11481416,-0.28552565,-0.52108777,-0.506543,-0.7352669,-1.0318574,-1.1605566,-1.5315293,-1.6979536,-1.6631274,-1.5486779,-1.4222718,-1.3383491,-1.2108394,-1.2228191,-1.2986605,-1.6612217,-1.9194726,-1.6242068,-1.2346151,-1.1485606,-1.3112026,-1.4156934,-1.5102425,-1.4628212,-1.5157757,-1.3839017,-1.1477336,-1.3774827,-1.196161
-0.2364156,-0.44507515,-0.24170561,-0.5557953,-0.5019088,-0.39073482,-0.23069605,-0.11772152,-0.12349466,-0.25949,-0.3009645,-0.30595177,-0.23039097,-0.27485013,-0.30604535,-0.17860661,0.021304524,-0.41454923,-0.6093314,-0.10083883,-0.4003447,-0.60593307,-0.10210834,0.06078979,-0.105158694,-0.3530655,-0.29228017,-0.2381199,-0.2876175,0.2609593,0.14522609,-0.21856855,-0.4179811,-0.3919139,-0.36414424,-0.9206886,-1.303835,-1.5943416,-1.7648785,-1.9628245,-1.8704436,-1.5615654,-1.4484488,-1.692535,-1.7319125,-1.5283874,-1.568149,-1.52973,-1.3727279,-1.3811346,-1.5132581,-1.5014423,-1.3425711,-1.4750439,-1.5886109,-1.4400749,-1.2447784,-1.5917109,-1.7144423
-0.3619827,-0.4976705,-0.454386,-0.5669005,-0.45685032,-0.44368073,-0.3354922,-0.2586114,-0.22159159,-0.3001183,-0.3040679,-0.36751422,-0.35840037,-0.3984462,-0.3537182,-0.31454834,-0.15990813,-0.34066084,-0.41331583,-0.6382758,-1.3376014,-0.6037675,-0.26825047,-0.30829963,-0.015502436,0.18264405,-0.22825652,-0.54700613,-0.45074043,-0.17190707,-0.062938355,-0.12344104,-0.3916979,-0.5839855,-0.58629525,-0.43881896,-0.60085523,-1.0235323,-1.2338552,-1.3897282,-1.6744334,-1.9836789,-1.9758894,-1.8287984,-1.8779495,-1.8443917,-1.6408192,-1.6859828,-1.7771672,-1.7271827,-1.5599722,-1.3660434,-1.2249475,-1.0793655,-1.1350721,-1.2677872,-1.5773046,-1.6872205,-1.8021339
-0.15978423,-0.637946,-0.87291276,-0.87929994,-0.55359495,-0.5544594,-0.48924315,-0.5001746,-0.434153,-0.4235148,-0.39520428,-0.41877285,-0.5213264,-0.5037162,-0.41909668,-0.38336447,-0.44813576,-0.44497937,-0.40050912,-0.8877472,-1.0196459,-0.6616223,-0.59433085,-0.41277778,-0.3927644,-0.35580906,-0.36027336,-0.35157114,-0.30216023,-0.3967022,-0.42466334,-0.24700277,-0.09024768,-0.29938725,-0.45630056,-0.40764198,-0.40560707,-0.5692909,-0.65422714,-1.2605134,-2.1997633,-1.8857212,-1.1983292,-1.1822995,-1.5824074,-2.0953162,-2.1885946,-1.7463155,-1.5506184,-1.6962618,-1.5387766,-1.5110528,-1.4423053,-1.142849,-1.1025192,-1.3124479,-1.7662085,-1.9894978,-1.754865
-0.6118997,-1.0292937,-1.1689235,-1.1698282,-1.1122524,-1.0681785,-0.8994024,-0.8014603,-0.76339036,-0.7306892,-0.58895695,-0.72284627,-0.69331336,-0.53101677,-0.48386124,-0.4334902,-0.3902936,-0.6423976,-0.79860216,-0.88843536,-0.8930887,-0.8178092,-0.8416452,-0.77981335,-0.49153578,-0.55824363,-0.52641344,-0.5668383,-0.7615741,-0.69743276,-0.7376785,-0.5712462,-0.42510384,-0.21459393,-0.2120896,-0.49301377,-0.7424546,-0.6784752,-0.6350985,-1.0964316,-0.9563239,-0.8035957,-1.1311123,-1.2461984,-1.1996372,-1.5787494,-2.0223641,-1.6799672,-1.4383019,-1.4068627,-1.5281107,-1.3052653,-1.4580189,-1.529351,-1.5391427,-1.535819,-1.3374987,-1.1809896,-1.4961606
-0.61978453,-1.0593218,-1.2869941,-1.2672487,-1.2380207,-1.1981962,-1.1917816,-1.0649326,-0.67515343,-0.70370924,-0.88879967,-0.9106836,-0.68820083,-0.5511338,-0.8310108,-0.7111846,-0.56214386,-0.5047102,-0.70171696,-0.71760154,-0.33581105,-0.26672688,-0.44678268,-0.6687898,-0.72626656,-0.77171487,-0.80321586,-0.54911435,-0.30502513,-0.9072913,-1.950695,-2.2314897,-1.6817156,-0.92452943,-1.5291486,-1.1610205,-0.8990522,-1.0344853,-0.966747,-0.9100609,-0.96143174,-0.9022871,-0.73908645,-0.8031828,-0.9658968,-1.2716914,-1.7596526,-2.0769315,-1.5121254,-1.4232892,-1.3556368,-1.0779277,-1.4301405,-1.76552,-1.6556145,-1.4570996,-1.4267145,-1.223175,-0.9884971
-0.62047124,-1.1574129,-1.1539825,-1.2173796,-1.1947225,-1.3373073,-1.4047862,-1.1070554,-1.0205164,-1.0676963,-1.1286393,-1.0998564,-1.1273086,-0.9759208,-0.7802038,-0.7034124,-0.9648608,-1.0319755,-0.8895434,-0.7558965,-0.51181364,-0.36050257,-0.42081547,-0.4927755,-0.6519296,-0.66048586,-0.78108484,-1.3009204,-1.4973145,-1.9372826,-2.7145739,-1.7556828,-0.71151906,-0.5408104,-0.7088712,-0.610675,-1.279663,-1.453876,-0.8814731,-1.0208046,-0.92948884,-0.7695372,-0.91536766,-0.8117253,-0.9551112,-1.0863574,-1.5852573,-1.9135648,-1.6960437,-1.5557264,-1.5814596,-2.157854,-1.8240492,-1.3440053,-1.6024069,-1.4804354,-1.5684403,-1.5631058,-1.025893
-0.8984952,-1.3126017,-1.3456782,-1.3995651,-1.2855244,-1.2299821,-1.6179516,-1.7037121,-1.6294849,-1.6537888,-1.6196369,-1.6677241,-1.7977134,-1.6414824,-1.4936366,-1.1128953,-1.2349448,-1.138047,-1.1741482,-1.2444369,-0.9076667,-0.76200867,-0.7440894,-0.76609385,-0.6932296,-0.43169975,-0.5202307,-0.7438442,-0.85254896,-1.0326879,-1.112692,-1.3120543,-1.4081286,-0.7630282,-0.9794867,-1.055356,-1.161022,-1.1018898,-1.0425942,-1.2500387,-1.1827246,-1.0352191,-1.0394157,-1.0787396,-0.76758736,-0.9077906,-1.1935738,-1.4057143,-1.5478913,-1.6198,-1.7256359,-1.1666226,-1.1175042,-1.3294234,-1.6917653,-1.4119507,-1.1911944,-1.4746392,-1.0604951
-0.87317234,-1.2202339,-1.2975109,-1.889322,-1.8725628,-2.0321445,-1.7633829,-1.7415853,-1.8330163,-1.7027676,-1.735362,-1.8527257,-2.0189834,-1.996058,-1.8563284,-1.5634872,-1.5952262,-1.6552961,-1.3410269,-1.2346219,-1.5673251,-1.2238214,-1.0828499,-1.1408329,-1.1627265,-1.1418009,-1.1322333,-1.1863725,-0.99263924,-1.0790684,-1.3338759,-1.2509224,-1.2453724,-1.3997273,-1.2647432,-0.9287191,-0.8665772,-0.8897446,-0.92409605,-0.80079085,-0.8619242,-1.5139178,-1.4107506,-1.1105697,-0.9367101,-0.98677254,-1.0666287,-1.2883794,-1.3050519,-1.1167676,-1.1184717,-1.3483855,-1.1699332,-1.0379932,-1.1253041,-1.3334594,-1.3080935,-1.1864271,-1.1937634
-1.2982447,-1.3125038,-1.5853678,-2.2330716,-2.3333168,-2.0019221,-2.395356,-1.9205092,-1.8795424,-1.9238904,-1.7973577,-1.6223105,-1.8657142,-2.2309313,-2.1593835,-1.8363316,-1.5520376,-1.7081945,-1.6595749,-1.2850031,-1.2241641,-1.6052023,-1.3358444,-1.3256234,-1.4282886,-1.7404602,-1.674736,-1.5328792,-1.6043043,-1.5583687,-1.6151227,-1.6067139,-1.5688902,-1.4502425,-1.362435,-1.3416038,-1.1283224,-1.0530245,-1.1332856,-1.4121836,-1.0996028,-1.0771168,-1.4041767,-1.5467405,-1.2706788,-1.149217,-1.0437139,-1.1740224,-1.2039527,-1.132415,-1.214001,-1.334282,-1.1027075,-0.9123749,-0.8505792,-0.8217025,-0.7023589,-0.7649085,-1.0824761
-1.4352398,-1.5665281,-1.5941789,-1.5399983,-1.5162355,-1.4347991,-1.310593,-1.1687901,-1.1077344,-1.8676229,-1.7660685,-1.7480652,-1.436748,-2.2677243,-2.7759922,-2.7663195,-2.4228373,-2.2116582,-2.0486796,-1.5178909,-1.1983147,-1.6199104,-1.6500847,-1.5365473,-1.4684037,-1.5082835,-1.5322869,-1.5315634,-1.6363147,-1.677559,-1.7630706,-1.769628,-1.765804,-1.4833347,-1.2844683,-1.1976228,-1.238916,-1.1592709,-1.1129657,-1.2504835,-1.7477467,-1.6804123,-1.58639,-1.285377,-1.0579244,-0.8869477,-0.79413563,-0.9572496,-0.89678186,-0.84844416,-1.0839792,-0.966543,-0.8747401,-0.7000271,-0.9075273,-0.79622656,-0.8975856,-0.69874763,0.58813286
-1.7224407,-1.5810497,-1.487696,-1.2870737,-1.2755967,-1.2967457,-1.0325832,-0.59129983,-0.42950493,-1.0478742,-1.4020449,-1.528026,-1.5684904,-1.9963986,-2.1303844,-1.9028426,-2.4417377,-2.4810565,-2.138716,-1.9249009,-1.6395129,-1.5119516,-1.6026213,-1.5872015,-1.7132028,-1.6799779,-1.7140449,-1.7823751,-1.7592486,-1.7249771,-1.8166667,-1.764945,-1.5409181,-1.4028939,-1.2023519,-1.4253129,-1.8014718,-2.0448208,-1.7004192,-1.8917037,-1.7491996,-1.6806237,-1.7591351,-1.4798483,-1.3629168,-1.3494068,-1.332914,-1.522734,-0.7930987,-0.04367614,0.13657576,-0.5290762,-1.6198105,-1.7133161,-1.2781601,-1.2116556,-1.3661872,-1.6479139,-1.3219367
-1.1275034,-1.450464,-1.2332397,-1.2807834,-1.1219081,-1.209566,-1.0075494,-0.86410224,-0.9587938,-0.8195602,-0.63798475,-0.5410872,-1.3007656,-2.2678812,-2.2140772,-2.0978308,-2.2254148,-2.4539206,-2.306001,-2.1613362,-2.0845199,-1.8629595,-1.827318,-2.041558,-2.0277836,-1.7626674,-1.7390208,-1.8367324,-1.8403779,-1.8568145,-1.7046138,-1.7577997,-1.5805786,-1.9519717,-1.7824032,-1.6351997,-1.5714765,-1.910727,-1.8283359,-1.7215452,-1.7069533,-1.830097,-1.9967805,-1.8426981,-1.6158093,-1.6216288,-1.6259905,-1.7952425,-1.4790787,-1.1232038,-0.90021855,-0.9832737,-1.1324834,-1.3471138,-1.2648579,-1.2063901,-1.687808,-1.828854,-2.238431
-0.5080056,-1.445551,-1.3971692,-1.4048795,-1.2862027,-1.0750211,-0.9076287,-0.9810399,-1.0226505,-1.114633,-0.85197157,-0.54392034,-0.34141803,-0.56307524,-1.0351593,-1.7594221,-1.856371,-1.7428076,-2.135136,-2.052656,-2.1269405,-2.1180398,-1.9233152,-2.0620174,-2.0239632,-1.9547575,-2.140954,-2.1872678,-2.160314,-2.0852652,-1.8999234,-1.8680309,-1.6105675,-1.5986179,-1.6317164,-1.9511311,-2.3391902,-1.9985052,-2.897958,-2.443548,-2.013988,-2.0371282,-2.159825,-1.9201639,-1.4233055,-1.5755534,-1.5008628,-1.6505668,-1.5545557,-1.5932556,-1.1868215,-1.3127925,-1.1996558,-1.3422871,-1.1972092,-1.2409893,-1.2015122,-1.4676135,-1.5629267
-0.5239654,-2.1568685,-2.4384122,-2.185489,-1.7412763,-1.4654864,-1.3776953,-1.2761855,-1.6141107,-1.752203,-1.5627714,-0.77901,-0.14459074,0.21049996,-0.21489698,-1.1616983,-1.2363333,-1.4053777,-1.563091,-1.8604656,-1.7623155,-1.9254717,-1.7637415,-1.9487109,-2.0625837,-2.0049987,-1.8564045,-2.056534,-2.162824,-2.0583415,-2.0732005,-2.2152436,-2.3269567,-1.7789104,-1.740209,-1.7803293,-1.9376589,-1.9638149,-1.9116825,-2.2561414,-2.1883683,-2.2946045,-2.4134028,-2.9439044,-2.4831386,-1.8166344,-2.0765216,-2.0118878,-2.0590556,-2.4473548,-2.436737,-2.2796104,-2.2346394,-2.1228938,-1.2555871,0.061222453,-0.6412771,-1.3396188,-1.4329104
-2.1178088,-2.6188402,-2.6251078,-2.5657475,-2.2507908,-2.181273,-1.9233427,-1.7838911,-2.0048373,-1.9599645,-1.8594946,-1.5916687,-1.005829,-0.43242028,-0.5726199,-0.52164996,-0.45246518,-0.9969935,-1.1336607,-1.2150582,-1.3193603,-1.6474317,-1.6877961,-1.7560686,-1.7703059,-1.6231486,-1.558225,-1.6383973,-1.8663827,-1.9984428,-2.157164,-2.3350801,-2.5201347,-2.2104106,-2.0848207,-2.0857213,-2.1535516,-2.2125502,-2.243665,-2.0438364,-2.0915458,-2.3371236,-2.5133471,-2.3111675,-1.9344411,-2.5445786,-2.2205002,-2.318348,-2.1714134,-2.4314435,-2.3280356,-2.411244,-2.4127927,-2.2691748,-1.2859955,0.3525204,0.53232056,-0.27531037,-0.9013894
-1.8623836,-2.544457,-2.7251647,-2.91473,-2.4489088,-2.377045,-2.369927,-2.1595728,-2.1447906,-1.9269744,-1.8179237,-1.7645475,-1.7254984,-1.5703787,-1.309824,-0.98831,-0.4372348,-0.6177265,-0.82619727,-0.87275946,-0.8873556,-1.0033244,-0.94180334,-1.203714,-1.564991,-1.578885,-1.537081,-1.3562335,-1.4882677,-1.7870607,-1.9013555,-1.7301408,-2.1369376,-2.0808864,-2.1623433,-2.0808806,-2.0767064,-1.5911416,-1.6258471,-1.7787213,-2.3126354,-2.6700244,-2.3115556,-2.0218153,-2.4860296,-2.707212,-3.0257757,-2.3212898,-2.3615804,-2.4514809,-2.0681872,-2.1904337,-2.047451,-1.9737909,-1.6295649,-0.72928494,-0.64735866,-0.74786204,-0.4119478
