js/windd-china.js
{"header": { "discipline": 0, "disciplineName": "Meteorological products", "gribEdition": 2, "gribLength": 133963, "center": 7, "centerName": "US National Weather Service - NCEP(WMC)", "subcenter": 0, "refTime": "2014-11-30T06:00:00.000Z", "significanceOfRT": 1, "significanceOfRTName": "Start of forecast", "productStatus": 0, "productStatusName": "Operational products", "productType": 1, "productTypeName": "Forecast products", "productDefinitionTemplate": 0, "productDefinitionTemplateName": "Analysis/forecast at horizontal level/layer at a point in time", "parameterCategory": 2, "parameterCategoryName": "Momentum", "parameterNumber": 3, "parameterNumberName": "V-component_of_wind", "parameterUnit": "m.s-1", "genProcessType": 2, "genProcessTypeName": "Forecast", "forecastTime": 6, "surface1Type": 100, "surface1TypeName": "Isobaric surface", "surface1Value": 85000, "surface2Type": 255, "surface2TypeName": "Missing", "surface2Value": 0, "gridDefinitionTemplate": 0, "gridDefinitionTemplateName": "Latitude_Longitude", "numberPoints": 65160, "shape": 6, "shapeName": "Earth spherical with radius of 6,371,229.0 m", "gridUnits": "degrees", "resolution": 48, "winds": "true", "scanMode": 0, "nx": 301, "ny": 201, "basicAngle": 0, "subDivisions": 0, "lo1": 70.0, "la1": 65.0, "lo2": 359, "la2": -90, "dx": 0.25, "dy": 0.25 }, "data":
[rows 104 to 129 of 201, columns 174 to 231 of 301]
-0.6664978,-0.1819463,-0.59969413,-0.5751,-0.6370917,-0.9227653,-0.6286352,-0.6904365,0.14654708,2.059675,2.105656,1.9244641,2.0171115,2.2721088,2.2874146,2.3652062,2.3189416,4.613778,5.1898527,4.806237,4.283442,3.8980231,3.6204095,3.288829,3.0999947,3.0975308,2.9702084,2.813407,2.458802,2.1951308,1.8533102,1.3868498,1.4330642,1.319456,0.6393846,0.26336372,0.04986003,-0.30364475,-0.83774227,-1.1089072,-1.3920516,-1.3023095,-0.7118669,-0.115503035,-0.8296742,-1.3216261,-1.8110268,-2.2009587,-1.0900191,-0.77428603,0.69382095,-0.6440987,-1.0778681,0.70219433,1.3492063,1.0088443,1.9938576,0.949479
-0.87891895,-0.30213597,-0.27917993,-0.73155063,-1.0233579,-1.1562319,-0.8779118,0.37437552,1.9513738,1.9724551,2.0756052,2.1427386,2.2214737,2.3163652,2.5115638,2.6139164,3.3294652,5.295402,5.495213,5.369166,5.2335706,5.1685176,4.9338675,4.600048,4.1189985,3.7044172,3.3537292,2.9994686,2.648295,2.2489219,1.8471347,0.7627626,0.08630549,-0.27775058,-0.57289183,-0.75392795,-0.65932816,-0.7825233,-1.0446315,-1.2134515,-1.4715993,-1.3249228,-0.97520626,-1.1165036,-1.3811725,-1.7413207,-1.9992895,0.32051602,0.41357931,-0.23557739,-1.7968752,-1.4513608,-0.8750342,-0.068289004,-0.5776888,1.0108106,1.3307192,2.0871944
-1.1125346,-1.0754198,-0.92824024,-1.5469663,-1.4023037,-0.591448,1.3461734,2.465168,2.020246,2.077733,2.1285164,2.2020917,2.4020855,2.5448763,2.7282894,2.687913,2.6070073,4.497941,5.308228,5.515368,5.5934544,5.5723476,5.4086947,4.968267,4.57032,4.167175,3.8582754,3.438663,2.9090638,2.4319096,2.0777843,1.6433536,0.88121194,0.027651655,-0.5114602,-0.66753435,-1.0471795,-1.2797247,-1.2173606,-1.2820909,-1.1171122,-1.5714754,-1.539377,-1.6631799,-2.2491636,-2.5612688,-0.7584754,-0.3141504,0.8615921,-0.6231675,-1.2818828,-1.4081794,-1.6176997,-1.5897975,-0.20367979,-0.4295968,0.8115342,1.5444926
1.0902272,0.02187517,-0.46551174,-0.97013366,0.60726315,2.3348386,2.629905,2.7904458,2.2780426,2.2513068,2.3378437,2.653503,2.539285,2.68181,2.65845,2.68794,2.5123262,3.7572296,4.2597156,4.580237,4.996225,4.865536,5.347861,5.158442,4.6986217,4.365866,4.1967597,4.098921,3.728354,3.0442998,2.406953,2.0624542,0.96363,0.11870591,-0.13942727,-0.73523307,-1.2928971,-1.6525311,-1.6930323,-1.5282954,-1.7547333,-2.2567654,-3.1865017,-2.8069217,-2.5497477,-2.880454,-1.2537928,-1.3543936,0.09327504,-0.31272,-0.46787694,-1.3426987,-1.367611,-0.73005384,-0.3818548,1.0895178,1.418242,0.6572278
0.017875273,-0.69679886,0.008208066,0.08406405,1.4447426,3.261933,2.5222626,2.3129323,2.468566,2.430041,2.5810897,2.8249087,2.678382,2.6180837,2.7280672,2.2981842,2.2908056,2.2914581,3.0661829,2.33608,2.8760343,2.6294286,4.0589514,5.4175587,5.0179763,4.489982,4.120396,3.8725586,4.141831,4.276911,3.8262753,3.2199686,3.0920959,2.8626075,1.3669981,-0.7772193,-1.8319455,-1.4374145,-1.3500385,-1.5142626,-1.7197202,-2.056932,-1.6264522,-1.7426479,-2.9291835,-3.2204862,-3.4184544,-1.3205823,-1.3886663,-1.9417722,-1.814225,-1.7758054,-1.8529222,-1.565689,-0.14723323,0.3815228,0.18364564,1.3111424
1.7469307,1.8403172,0.8124398,-0.007044996,2.7982645,2.7098832,2.7162387,2.8184881,2.6178327,2.7304387,2.6764424,2.712661,2.8087094,2.7705572,2.361704,2.2480292,2.156776,2.16405,2.258936,2.3698819,2.540529,2.6284754,3.3524528,5.3211536,5.827412,5.234284,4.6321473,4.865405,4.0106688,2.8420537,2.587818,3.0595653,2.5611932,2.070218,1.6009697,1.9553293,0.17551823,-2.1023033,-2.1330652,-2.0663772,-2.5439057,-2.8375554,-2.9450889,-2.8703709,-3.409817,-5.54608,-5.234188,-4.818518,-3.9812627,-4.847851,-4.539303,-4.1403556,-1.9456869,-1.6787063,-0.4297723,-0.117524,0.81651974,1.6622511
1.9700602,2.6014998,1.5801204,1.605431,3.5734477,2.9735591,3.079412,2.821812,2.9427826,2.7346182,2.9803665,2.7764497,2.7874987,2.5671527,2.4124203,2.2996573,2.1912587,2.101536,2.099341,2.238668,2.2464871,2.6464727,5.569851,6.4510865,6.2278514,5.6269794,4.3549337,3.0091593,2.342501,2.0094936,1.7433609,1.5258496,1.6570512,2.07663,2.0115232,2.3191445,2.701653,1.2535832,-0.80970675,-2.428494,-2.5614574,-1.9877255,-2.3893986,-3.0317812,-4.0378046,-4.5698733,-1.7824389,-2.5652676,-5.335509,-4.9640493,-4.9268203,-5.2547846,-4.789361,-2.4565213,0.87385887,1.4761851,-0.26000062,0.5577335
1.7483163,0.11017029,-0.88591766,0.72305304,2.0964153,2.7827501,2.7569942,2.849107,2.834632,2.7469132,3.0354807,2.933986,2.4865985,2.495042,2.5348155,2.3494616,2.1237783,1.9323423,1.6829951,1.7334545,1.8897253,3.2054589,5.543092,6.0330873,6.085655,5.549842,3.2599926,2.6446729,2.0370998,1.7094778,0.86804134,1.206445,1.3770143,0.7537824,0.9424062,0.7145342,0.44674626,0.82815504,0.32792136,0.09539246,-1.215917,-3.1558096,-3.3553495,-3.5133574,-4.028027,-2.8768895,-3.181054,-4.595468,-5.6425853,-7.149335,-4.681214,-3.9759672,-3.7242477,-3.1327775,-2.0255842,-0.013200452,0.84268016,1.2949991
-0.660182,0.95795095,1.478219,1.3679801,1.9890982,2.252783,2.6302383,2.8702214,2.7041206,2.7979841,2.8536572,2.838244,2.3841321,2.6044493,2.6273246,2.1954637,2.153701,1.9807594,1.8281136,1.9630718,2.0339856,2.8829362,2.9603033,3.2792149,3.2660692,2.972299,2.4403234,2.0536575,2.4423308,1.9346126,1.9591998,1.1153105,0.067315064,0.4537774,-0.43802115,-0.8603727,-0.6073149,-0.91137815,-0.8303315,-0.9010609,-0.9581381,-1.5324088,-2.4712718,-2.4486277,-2.1825213,-2.7362778,-4.47245,-4.078131,-3.3070195,-2.4253068,-3.023775,-3.43502,-2.7890155,-2.064923,-0.38915485,1.7541448,1.6400472,0.97233766
-1.3215903,-0.9251404,0.07018176,0.9662546,2.1446855,2.213409,2.6344311,2.883861,2.755697,2.6029408,2.8159628,2.8056455,2.6485345,2.6148896,2.9101505,2.7609355,2.7584362,2.4379966,2.995578,2.9318094,2.7121656,3.3593137,3.6299934,3.54663,2.9308813,2.690979,2.2294686,2.179497,2.0515878,2.0030758,0.44993958,-0.6505177,-0.508443,-0.6055113,-0.582496,-0.88410056,-1.6615453,-1.2328438,-1.9483606,-2.0992298,-1.8935376,-1.7461196,-1.9975481,-2.2104769,-2.461415,-3.333147,-4.179197,-5.270498,-3.1972904,-3.6186922,-4.8808136,-2.7741401,-2.29311,0.5695855,1.0609112,1.0299859,1.8303298,1.1650034
0.13840948,-0.20008276,0.7297049,1.5747621,2.3245883,2.8219688,2.8816023,2.842874,2.8770704,2.7679431,2.6789682,2.8521333,3.0583599,3.4609423,3.2721975,3.355326,2.944514,2.8440626,3.3534796,2.822118,2.2260606,3.1868865,3.0233178,3.3587854,3.246707,2.7864947,2.4896042,2.1112704,1.9732654,0.5806193,0.019253898,0.84836024,0.5238434,-0.47905982,-0.43499544,0.14100595,0.3215748,-0.7913213,-0.6879059,-0.8959739,-1.248202,-1.322025,-2.3338325,-3.3038373,-3.3137171,-3.2927892,-3.0224674,-2.7043815,-2.5098004,-3.5645244,-4.4131036,-4.053765,-2.1376874,0.9045183,0.7437767,1.3965455,0.6761503,-0.6491149
3.0934691,0.24990444,1.1164491,1.0786948,2.7640262,2.954705,2.9734724,2.7700422,2.758589,2.8899806,2.673672,3.335764,3.0223024,2.7956524,2.5054796,1.3664399,2.084708,2.2885146,2.368892,2.1806774,3.0094233,2.5845437,3.0831861,2.983496,2.7962327,2.539009,2.198326,2.2357585,1.3698853,1.3192946,1.9205341,1.2349648,0.7848508,0.24247529,0.16287214,0.038682178,-0.27515468,-0.25046524,-0.3014295,-0.22859989,-0.410956,-0.44470504,-1.0642132,-1.6805624,-2.463672,-2.855579,-3.1719458,-2.7078743,-3.081992,-3.455287,-4.5355763,-5.09498,-3.3428957,-0.11065954,2.029304,1.7421472,1.4373109,1.7609708
0.75846225,0.24485072,2.963668,2.3724186,2.9949257,2.8504152,2.8538744,2.5657651,2.700439,2.7713344,2.6160686,3.1174102,2.4291294,2.4267774,2.2057521,1.6344236,1.8208396,1.7995471,2.4498508,2.5073485,2.083656,2.5052242,2.4727747,2.4086862,2.493116,2.1163433,2.2909157,2.0777955,1.6339012,1.8651278,1.3952487,0.32741514,-0.3377564,-0.3981045,-0.5020064,-0.3408581,-0.3934478,-0.9715807,-1.1396418,-1.2352979,-1.1607238,-1.6194601,-1.6732826,-1.8049854,-1.8997446,-2.5625298,-2.4934516,-2.8410437,-2.3704689,-2.2269518,-3.6867592,-1.5475584,-0.6250682,2.1254792,1.9386699,1.1045213,1.718948,1.4601005
0.89208263,2.6174011,3.5745988,2.9398267,2.9329994,2.6967833,2.7989895,2.6687553,2.5523546,2.6763947,2.2972736,2.5072603,2.56826,2.3811204,2.122451,2.0113792,2.5878224,2.4181774,2.5261302,1.9355757,1.9112015,2.4549243,2.6989372,2.689219,1.4582165,0.96716225,1.8921157,2.1549358,1.8196725,1.2073942,0.79054195,0.11897314,-0.6428262,-0.541927,-0.68656063,-0.9425141,-1.0327573,-1.1410886,-1.4606681,-1.6833873,-1.896468,-2.0129879,-2.0711093,-1.9747107,-1.9332445,-1.9112371,-2.4812267,-3.5281627,-4.1000967,-4.5027075,-2.7471197,2.5166311,2.9049764,2.5867279,1.5955272,1.0876472,0.7848944,-0.55267733
0.016420394,-0.7910945,0.63909006,2.3014338,2.7346635,2.6955967,2.5818748,2.623091,2.470638,2.3778265,2.1392305,2.1951141,2.4465303,2.4506779,2.5466757,2.6977289,2.4858544,1.5949098,2.0694394,2.000656,2.026258,2.1551833,2.027474,1.877178,2.4440336,3.0347617,2.3437352,1.9992639,1.5394068,1.1178362,0.43811736,0.055287145,-0.276207,-0.799658,-0.96022576,-1.1814185,-1.2809623,-1.1686285,-1.2021523,-1.5822904,-1.8711356,-2.0636787,-1.9845964,-1.9879776,-2.152055,-2.1355925,-2.421165,-0.74391496,-2.9054637,-1.2677369,3.498043,2.5427418,2.532008,1.2746389,0.8152899,-0.5696191,0.5046026,0.73528296
-0.79965204,1.5109025,2.2265446,2.4608438,2.401126,2.5213513,2.4523246,2.2806103,2.380733,2.2904332,2.1951091,1.9993317,2.3207545,2.1388917,1.9399084,1.5768268,1.9528555,1.8759841,2.0582726,1.5668324,1.477019,1.382481,1.2076641,2.1898003,2.4956377,2.623783,2.562689,1.7600636,1.4423747,1.02393,0.4695756,0.05881532,-0.040657826,-0.3599465,-1.1561275,-1.198218,-1.4625773,-1.5245543,-1.5176122,-1.6929631,-1.8559182,-1.9741974,-2.163012,-2.5824156,-2.1493487,-2.5656917,-0.11429579,0.685876,0.95576614,3.1028233,2.0033581,3.0810158,1.4267018,1.4548336,0.5347359,0.87900174,-1.2699732,-1.499332
2.1363082,2.636422,2.5909524,2.5353887,2.2551246,2.2113044,2.239282,2.1343405,2.1344292,2.0901268,2.0454865,1.8151087,1.7914416,2.148412,1.7022036,1.3941545,1.2842073,1.7573562,1.5291361,1.5280186,1.3025261,0.9929056,1.463802,1.5977098,2.117123,2.19474,2.006716,1.7418216,1.2198614,0.8460129,0.52421814,0.2283837,-0.35480425,-0.55058473,-1.0716203,-1.3021041,-1.4648445,-1.6773278,-1.7893918,-2.0663128,-2.2361252,-2.4003618,-2.4145055,-2.3159368,-2.9684372,-0.7188118,0.32295543,-0.81398845,2.5253725,1.2778981,1.7614555,1.3964448,1.3630848,1.3256742,0.31540182,-0.9627784,-0.9494921,-1.4905977
3.4382932,2.8789148,2.4157124,2.224875,2.0238028,2.020027,1.9569441,1.958541,1.8706172,1.9019395,1.7752686,1.6308392,1.4423696,1.5079275,1.4430038,1.3170751,1.1488503,1.1361765,1.2164024,0.9456652,1.0338364,0.82915413,1.0906624,1.2274086,1.398193,1.4670868,1.4972634,1.6136978,1.1028364,0.62025994,0.28048113,0.018495733,-0.3596565,-0.63277406,-0.99857944,-1.371741,-1.6163003,-1.8848748,-2.2821014,-2.3676963,-2.2531803,-2.3307185,-2.1295907,-1.9539003,-1.2834853,0.5321205,0.057487506,0.6024269,0.6966574,1.171813,0.89878255,0.7538548,0.8514319,-0.07397579,-0.70908695,-1.4792335,-1.7261503,-1.8229121
2.3690753,2.2751925,2.267978,1.9703895,1.8411653,1.8372203,1.7569327,1.5666656,1.5654097,1.5322328,1.4714304,1.364908,1.4207653,1.366394,1.2961335,1.5042052,1.253401,1.2138976,1.0260657,0.43567458,0.3257575,0.53816813,0.22791515,0.13540791,0.2614111,0.08701297,0.4033555,0.28132787,0.958,0.24622273,0.013393405,-0.27661645,-0.43492386,-0.740709,-0.91986877,-1.3110174,-1.5664251,-1.8686748,-2.334666,-2.3934338,-2.6020734,-2.526955,-2.7556424,-2.1405258,-1.0921696,-0.06393845,-0.65104455,-0.5484339,0.05915252,0.24367367,0.8773233,0.66718984,0.9383014,0.32026073,-2.1544647,-1.9716341,-4.1324096,-4.3642006
2.6700594,2.1497233,2.0605576,1.9347854,1.8271865,1.757468,1.552889,1.4563973,1.3713623,1.2862366,1.1725277,1.1951478,1.2568151,1.2138199,1.2051588,1.0214214,1.0728928,0.8850337,0.87974983,0.0673365,0.08656723,0.4839582,0.3594711,-0.25264892,-0.28549308,-0.33671927,-0.7519352,-0.22265428,-0.16906354,-0.061799366,-0.21112104,-0.4866868,-0.65427774,-0.8756229,-1.0764905,-1.2050211,-1.5862584,-1.8671974,-2.1429942,-2.4289415,-2.4037316,-2.3840942,-2.3902729,-2.3759089,-1.8339044,-0.33350334,-1.1399817,-1.2970508,-1.0761517,-0.6022667,-0.51639616,-1.8330526,-1.8653085,-2.9694352,-3.4803627,-4.595174,-5.9615107,-5.44264
2.0156388,2.0747457,1.9916561,1.9175819,1.8820941,1.8119029,1.643005,1.4885564,1.305723,1.1046101,1.0967189,1.1353767,0.9295009,0.9145947,0.97165304,0.7945146,0.54574656,0.628648,0.49511486,0.44439477,0.29524937,-0.22768575,-0.015012343,-0.6409614,-0.46061316,-0.5290315,-1.0616803,-1.5027101,-0.627369,-0.5783575,-0.57334566,-0.66897756,-1.1280253,-1.227133,-1.4043195,-1.694585,-1.9080415,-2.1757715,-2.3623114,-2.5161803,-2.575671,-2.4902272,-2.5144937,-2.7180345,-3.0687401,-1.53496,-1.1741674,-1.8409288,-2.35692,-2.2338793,-2.3074675,-2.9159946,-3.9364057,-4.889755,-5.027888,-5.8879666,-6.786898,-6.0835433
2.121087,2.0839484,1.8704672,1.8452768,1.7411249,1.7093445,1.5215483,1.2962683,1.1288251,1.1083168,1.088292,0.90305686,0.7857595,0.62215567,0.59226596,0.8765427,1.2085392,0.99925196,1.1946305,0.78024876,0.257531,-0.16775067,-0.73300403,-0.9337933,-1.1919055,-1.0216923,-0.9039357,-1.1047915,-0.50305027,-0.8879015,-1.03015,-1.08415,-1.2343377,-1.6260835,-1.8216015,-2.0500228,-2.3497748,-2.5401375,-2.8154683,-2.7967227,-2.822496,-2.9697115,-2.8095171,-2.5002513,-2.1504028,-2.2721345,-2.221248,-2.2243912,-2.615176,-3.3504522,-3.7282748,-4.5863533,-4.914975,-5.895067,-6.0650477,-6.5145164,-7.1224504,-6.526789
1.8965183,1.8635378,2.1465828,1.6306812,1.4101123,1.0995907,1.0810964,0.9421916,0.9509186,0.97352237,0.90262604,0.7740451,0.69422364,0.6232793,0.6986341,1.0287987,0.88344175,0.63855064,0.6629094,-0.23201296,-1.031974,-0.6965634,-0.9851259,-1.4713959,-1.2687479,-1.0819366,-0.6572768,-0.5642558,-1.3695598,-1.4026527,-1.4893148,-1.5273736,-1.6506076,-1.949878,-2.3221002,-2.6886215,-2.8416514,-2.8504834,-2.9707816,-2.8230984,-3.089625,-3.008166,-2.9983246,-3.230825,-2.4362004,-2.8313808,-3.2770212,-3.449819,-3.8146813,-3.8986218,-5.0666313,-4.4133573,-2.4177134,-3.828668,-6.870054,-7.004548,-7.2816663,-6.9479933
1.6875147,1.915916,1.8549807,1.3495026,1.1420176,0.84306073,0.6355323,0.80364716,0.8813429,0.8629949,0.76401234,0.5610415,0.48836166,0.5831284,0.8712531,0.78291446,0.42037162,0.24753076,-0.022899251,-0.6025945,-1.0046985,-1.2493716,-1.2614458,-0.7350455,-0.6521951,-0.88928753,-0.5098384,-0.82907045,-1.4042566,-1.7066525,-2.0537088,-2.0716155,-2.062388,-2.3668659,-2.5636463,-2.692122,-2.8237567,-3.079657,-3.2120934,-3.3416853,-3.5028298,-3.7893984,-3.6283703,-3.5422637,-3.4213705,-2.9763281,-3.1558847,-3.85499,-4.2637095,-4.73213,-4.9981956,-4.2007875,-2.4825907,-5.886864,-7.5451837,-7.5534153,-7.7179546,-7.3012714
0.7280166,1.9612013,1.8510505,1.0316597,0.76794153,0.44193822,0.6343923,0.8807897,1.0231895,0.8357584,0.5444956,0.48194316,0.308306,0.29685462,0.40709025,0.21489552,0.0010393495,-0.043483187,-0.19530648,-0.018362092,-0.66116303,-1.1452465,-1.5820701,-1.4050888,-1.0096041,-0.7514149,-0.74810356,-1.1429135,-1.4016988,-1.5141836,-1.9719976,-2.4004052,-2.5818543,-2.5525048,-2.582969,-2.92869,-3.3292222,-3.65234,-3.753457,-3.8181915,-3.744951,-4.006786,-3.911937,-4.083412,-4.392829,-4.460114,-3.9461682,-3.6808505,-4.095229,-4.8598137,-5.8277497,-5.9865317,-4.828837,-7.749054,-7.733685,-7.8254695,-8.014746,-7.787228
0.8552621,1.1829545,0.5295099,0.56221956,0.37785107,0.3502769,0.5041721,0.71204495,0.73121524,0.4814448,0.362276,0.21986209,0.046024676,0.09908572,0.09015466,-0.10660543,0.050311826,-0.33996794,-0.44693685,0.13528025,0.20713255,-0.44949695,-1.1410459,-1.0273155,-1.2162886,-1.0031476,-0.8608162,-1.2241535,-1.3132457,-1.5492058,-2.5342708,-2.5243137,-2.655292,-2.7486203,-3.0118847,-3.2365363,-3.4000614,-3.3797944,-3.5672596,-3.6839123,-3.8351607,-3.9149818,-3.7734263,-3.1573646,-3.3793044,-4.3084736,-4.2492666,-4.0774736,-4.768343,-5.0876694,-5.4873095,-5.9651423,-5.233749,-6.582115,-7.7159123,-7.7722726,-7.981284,-8.099362
