js/windd-p.js
{"header": { "discipline": 0, "disciplineName": "Meteorological products", "gribEdition": 2, "gribLength": 133963, "center": 7, "centerName": "US National Weather Service - NCEP(WMC)", "subcenter": 0, "refTime": "2014-11-30T06:00:00.000Z", "significanceOfRT": 1, "significanceOfRTName": "Start of forecast", "productStatus": 0, "productStatusName": "Operational products", "productType": 1, "productTypeName": "Forecast products", "productDefinitionTemplate": 0, "productDefinitionTemplateName": "Analysis/forecast at horizontal level/layer at a point in time", "parameterCategory": 2, "parameterCategoryName": "Momentum", "parameterNumber": 3, "parameterNumberName": "V-component_of_wind", "parameterUnit": "m.s-1", "genProcessType": 2, "genProcessTypeName": "Forecast", "forecastTime": 6, "surface1Type": 100, "surface1TypeName": "Isobaric surface", "surface1Value": 85000, "surface2Type": 255, "surface2TypeName": "Missing", "surface2Value": 0, "gridDefinitionTemplate": 0, "gridDefinitionTemplateName": "Latitude_Longitude", "numberPoints": 65160, "shape": 6, "shapeName": "Earth spherical with radius of 6,371,229.0 m", "gridUnits": "degrees", "resolution": 48, "winds": "true", "scanMode": 0, "nx": 52, "ny": 59, "basicAngle": 0, "subDivisions": 0, "lo1": 113.207, "la1": 42.7022, "lo2": 359, "la2": -90, "dx": 0.12172211350293503, "dy": 0.09065576592082614 }, "data":
[rows 0 to 58 of 59, columns 0 to 51 of 52]
2.83,3.24,3.86,2.64,2.56,3.68,3.12,4.5,2.38,3.53,4.0,4.29,3.42,3.26,1.75,1.83,2.84,3.63,2.38,2.64,2.31,2.44,3.12,3.11,1.16,1.52,2.49,3.3,2.83,3.62,2.97,2.05,1.67,4.56,0.71,1.34,-0.66,3.05,-0.03,0.95,5.39,1.04,1.12,1.39,2.13,0.41,1.38,0.01,-0.7,-1.26,-1.33,6.08
3.28,4.12,3.01,3.15,2.21,3.06,5.5,4.01,4.16,3.5,2.75,3.62,2.78,3.37,2.05,1.96,1.83,3.24,0.63,1.23,3.19,2.42,3.0,2.29,2.43,1.89,2.4,2.18,2.57,1.86,2.25,1.83,2.92,1.97,3.0,0.64,0.45,0.15,0.93,4.88,2.62,2.9,3.77,1.34,2.65,2.2,3.2,2.82,1.35,3.8,4.29,6.28
4.45,4.01,4.7,4.1,3.51,4.64,5.14,5.13,3.27,1.25,2.67,2.96,3.49,3.11,3.37,2.44,2.37,1.82,1.75,1.98,2.95,2.32,3.36,2.55,2.36,1.49,0.99,1.89,2.39,2.2,1.8,1.11,-0.44,-1.4,-1.62,1.46,-1.33,1.61,3.06,1.19,-1.51,3.36,2.96,2.45,2.58,0.76,1.38,1.78,2.75,3.03,0.24,-0.89
1.79,3.73,3.45,3.28,3.51,5.03,3.38,3.94,0.97,3.46,4.02,3.23,2.46,2.88,3.5,3.37,1.61,2.82,2.18,2.91,2.85,1.01,3.33,2.09,1.19,1.13,2.11,1.73,2.59,2.3,1.35,1.38,-0.8,-0.56,-1.38,-2.25,4.68,-0.77,3.33,2.43,1.25,4.1,1.3,1.67,-0.82,1.23,-0.33,1.46,1.77,1.13,3.65,-0.11
4.13,3.08,4.39,4.33,5.3,4.8,2.27,4.86,3.87,1.87,0.98,1.08,0.02,3.23,3.89,1.85,2.53,3.31,1.66,2.97,3.14,3.53,2.76,1.49,2.51,3.18,1.89,2.49,3.12,1.88,2.05,1.47,-0.35,0.06,-2.14,0.44,-0.09,6.78,1.08,-3.66,0.61,4.08,2.16,3.37,0.19,3.6,2.34,2.29,1.84,2.45,3.77,-1.84
5.19,3.19,2.41,3.52,5.29,2.87,1.34,5.53,2.93,2.44,2.59,-2.61,1.93,2.55,2.93,3.07,2.72,0.98,0.63,2.12,1.98,2.15,2.5,3.55,1.79,3.98,1.83,3.1,1.54,3.81,3.31,3.46,3.49,-2.19,-2.13,2.46,2.81,2.77,5.34,3.49,2.8,0.74,1.92,-0.2,0.36,0.9,3.31,2.34,1.09,1.63,3.62,-2.4
4.65,3.27,3.0,4.48,3.27,3.72,3.71,5.95,4.83,1.33,-1.74,2.13,2.85,3.86,3.83,2.79,3.71,2.26,2.58,1.41,2.1,3.32,4.2,2.13,1.24,2.22,2.85,2.9,2.79,3.57,3.1,3.17,3.19,0.58,3.49,1.81,-1.0,0.74,1.62,0.74,1.19,5.4,3.85,3.19,4.3,2.94,2.29,4.24,2.05,3.01,1.25,-1.91
2.64,0.91,4.49,1.74,3.09,2.61,2.13,4.61,2.91,0.67,-0.64,1.84,0.78,3.34,4.8,3.58,2.53,2.01,3.39,2.14,2.85,1.17,2.3,1.73,1.86,3.83,4.72,5.56,2.64,3.42,3.02,2.97,1.86,3.87,0.17,3.07,0.9,0.49,3.06,6.29,5.06,0.75,2.36,3.16,1.13,4.18,3.65,2.27,1.68,2.21,3.29,-0.95
-0.27,-0.37,0.13,-0.07,-0.12,0.08,0.23,0.87,1.01,1.83,1.65,1.55,1.26,1.29,1.53,0.08,-0.06,-0.58,-0.84,-1.25,-1.49,-1.0,-1.17,-1.73,0.86,0.72,0.52,-0.06,-0.86,-0.04,-0.66,-0.36,-0.27,-0.19,-0.15,-0.73,-0.08,0.52,-0.27,0.45,-0.22,1.82,-0.51,0.81,-0.18,-0.18,-1.04,-0.54,0.29,1.51,1.53,2.9
-0.48,-0.29,0.09,-0.23,0.1,0.51,0.26,1.08,2.38,2.35,2.56,3.34,2.76,2.05,1.59,0.23,-0.13,-0.27,2.55,2.38,1.12,0.67,0.91,0.73,0.18,0.2,0.26,-1.22,-1.45,-0.51,-0.66,-0.87,-0.76,-0.11,-0.78,0.44,-1.58,-0.38,0.16,0.0,0.17,-0.65,0.68,-1.1,-0.92,0.04,-2.04,-1.5,0.88,1.4,1.54,2.66
-0.81,-0.49,0.05,-0.19,0.22,0.13,0.59,1.16,2.47,2.59,2.2,2.91,2.45,1.8,1.52,0.87,0.03,-0.12,2.89,2.57,1.54,0.5,1.02,0.87,0.32,0.06,0.09,-1.25,-1.73,-1.11,-0.47,-1.87,-1.15,-0.93,-0.32,0.4,-0.6,-0.32,-0.03,-0.99,-1.24,-1.42,-3.11,-0.77,-3.38,-3.59,-2.93,-1.38,1.06,1.26,1.19,2.42
-0.4,-0.54,-0.05,0.09,0.23,0.63,0.85,1.29,2.48,1.84,1.42,2.05,1.32,1.66,1.51,1.91,0.32,1.42,2.39,2.56,1.74,0.95,1.01,1.15,0.54,0.2,0.34,0.01,-2.86,-0.26,-0.77,-1.07,-2.02,-1.05,-0.54,0.4,-0.83,-0.21,0.29,-0.8,-1.68,-2.47,-2.13,-1.7,-4.58,-3.27,-2.97,0.26,0.46,1.26,1.0,1.85
-0.23,0.07,0.19,0.72,0.92,3.17,3.31,1.96,1.25,1.4,1.37,2.14,1.72,1.28,1.88,2.1,1.71,1.5,1.5,2.19,2.58,1.64,1.06,0.82,0.32,-0.37,0.38,-1.61,-0.16,-2.04,-0.48,0.04,0.11,-1.24,-0.35,0.34,-0.12,0.43,0.67,-0.53,-1.38,-1.74,-1.44,-2.7,-2.72,-1.45,-0.24,0.29,1.91,1.64,1.14,1.78
-0.31,0.1,0.73,0.85,1.29,3.15,3.0,1.85,1.11,2.01,1.44,1.63,1.51,1.33,2.03,2.22,1.9,1.66,1.45,2.09,2.21,2.06,1.06,0.02,-0.56,-1.09,-1.45,-1.14,-0.74,-1.84,0.26,0.39,-0.09,0.58,-0.93,2.67,0.42,0.11,0.28,-0.69,-1.25,-0.96,-1.31,-1.22,-2.71,-0.3,0.84,0.98,1.81,1.49,1.08,1.51
-0.1,0.17,0.49,1.1,2.52,2.79,3.01,2.32,1.44,2.5,2.19,1.58,1.35,2.36,3.16,2.71,2.06,1.85,1.92,1.87,1.12,1.44,0.8,-0.63,-0.56,-1.07,-1.13,-1.4,-0.74,0.29,1.73,0.63,-0.03,0.44,0.21,0.85,1.57,0.41,-0.24,0.56,-0.27,-1.59,-1.32,-4.42,0.39,0.27,0.58,1.14,0.26,0.6,-0.53,1.2
-0.1,-0.25,0.21,0.72,2.15,2.65,2.07,-0.14,1.09,2.34,1.86,1.6,1.52,2.48,3.03,2.0,1.97,2.16,1.32,-0.21,-1.11,1.19,1.55,0.77,-0.36,-0.62,-0.72,-1.21,-0.92,-0.14,0.7,-0.18,0.44,1.07,-0.83,-1.06,-0.88,0.05,0.35,1.56,1.67,-0.34,-1.35,-9.76,-7.51,0.56,1.6,0.13,-0.48,0.42,-0.12,0.73
0.16,0.06,0.38,0.44,0.96,1.56,0.63,0.38,0.66,1.37,1.31,1.47,1.78,2.43,1.86,0.51,1.34,0.34,-0.16,-1.19,-1.69,1.34,1.63,1.84,0.87,-0.31,-0.26,-1.0,0.96,-0.49,-0.11,-0.13,0.11,1.33,0.21,-1.04,-1.51,0.45,0.54,1.16,0.48,-1.65,-1.98,-8.7,-1.13,1.37,1.41,0.17,0.3,0.27,-0.29,0.61
0.1,0.39,0.03,1.24,0.92,-0.27,-0.14,0.16,0.9,0.96,1.33,1.93,1.95,2.08,1.78,-0.24,0.5,0.77,-0.13,-0.39,-0.03,-0.33,1.3,0.5,0.36,-0.22,0.08,-0.46,1.58,0.52,-0.36,0.02,0.03,2.08,0.07,-1.05,-1.47,-0.2,0.25,-0.32,-0.27,-1.94,-2.28,-3.56,-2.45,0.45,0.71,0.6,0.14,0.23,-0.25,0.64
0.72,0.93,0.63,1.38,0.48,0.14,-0.1,0.39,1.3,1.13,1.88,2.56,1.99,1.92,1.06,-0.07,-0.06,1.4,-0.45,-0.22,0.03,-0.15,0.15,1.13,0.73,0.11,-0.71,-0.45,-0.54,-0.88,-1.08,-0.17,0.91,0.72,0.32,-0.51,-0.92,-0.58,-0.93,-0.42,-0.3,-0.76,-0.57,-0.92,-0.85,-0.61,-0.27,-0.23,-0.34,-0.8,0.32,0.93
0.7,0.83,0.72,1.39,1.61,0.38,-0.39,0.15,-0.02,1.33,2.16,2.42,-1.09,-1.53,-0.9,-0.39,-1.15,-0.09,4.9,-0.98,0.01,0.15,0.92,0.64,1.29,-1.55,-1.22,-1.02,-0.55,-1.37,-0.82,0.07,0.65,0.12,0.49,0.08,-0.27,-0.63,-1.13,0.32,-0.16,-0.3,-0.48,-0.15,-0.06,-0.23,-0.21,0.08,0.09,-0.61,1.13,0.68
0.66,0.96,0.55,1.43,1.62,2.21,0.17,-0.42,-0.52,-0.31,-0.4,-0.37,-1.12,-1.42,-0.13,-0.19,-0.1,0.21,0.0,-0.67,-0.08,0.62,0.57,0.67,2.34,-0.16,-0.49,-0.38,-0.22,-0.54,-0.28,1.4,-0.13,-1.09,0.74,-0.01,-0.07,0.15,-0.41,-0.05,-0.07,0.01,0.05,-0.18,-0.57,0.06,-0.83,0.06,0.41,2.14,0.94,1.43
0.3,0.97,0.89,1.26,1.43,1.86,1.94,0.15,-0.38,-0.24,-0.26,-0.73,-0.34,-1.16,-0.5,-0.24,0.98,0.42,0.53,0.18,1.24,1.49,0.68,1.5,2.17,-1.29,-0.55,0.37,0.36,0.4,0.59,0.7,1.44,0.81,0.37,-0.43,-1.39,-1.27,-1.32,0.94,0.38,-0.16,0.23,0.35,-0.87,-0.19,-0.36,-0.57,1.38,2.06,1.24,1.55
0.4,0.74,0.5,0.58,1.13,1.19,1.81,0.89,0.52,-0.2,-1.34,-0.86,-0.31,-0.79,-0.86,-0.62,-0.87,-1.81,-0.99,-1.35,-0.1,0.42,0.66,0.89,-0.28,-0.77,-0.21,-0.28,3.64,1.09,0.55,0.77,0.82,0.9,1.29,-1.0,-1.35,-0.74,-0.48,1.16,0.68,0.1,0.5,0.72,0.51,0.11,0.2,2.1,1.97,2.0,1.56,1.78
0.74,1.04,0.91,0.36,0.43,1.41,1.31,1.64,1.31,0.39,0.24,0.77,-0.18,-0.17,0.28,0.33,-0.58,-0.67,-0.45,-0.61,-0.28,2.7,0.32,1.09,0.28,-0.16,-0.03,0.77,1.24,-0.37,0.06,0.47,1.3,0.98,1.3,-1.11,-1.04,-1.91,-0.19,-0.13,-0.13,-0.02,0.06,3.09,0.25,0.46,0.49,2.06,1.69,-0.03,-0.73,-0.11
0.98,1.15,0.83,1.03,0.31,0.73,1.19,1.48,0.8,0.95,1.44,1.45,1.84,0.65,0.83,1.11,0.74,-0.08,-0.44,-0.67,-0.16,1.33,0.58,-1.22,0.62,-0.04,0.76,0.07,0.56,0.63,0.37,0.83,0.49,0.6,0.18,-0.82,-0.05,0.79,-0.19,0.12,0.23,0.24,0.59,-0.28,-0.0,0.34,0.79,0.61,1.45,-0.01,-0.18,0.45
0.85,1.09,0.43,1.31,1.72,1.72,1.62,1.61,1.96,2.11,2.2,2.18,1.7,1.07,0.96,1.2,-0.11,-0.32,-1.24,-1.09,0.1,0.36,1.84,2.19,1.1,0.22,0.87,0.48,-1.15,-0.83,-0.07,0.03,0.02,0.41,0.09,0.44,0.35,-0.05,-0.1,0.41,0.78,0.87,0.11,-0.05,-0.8,0.57,-0.06,0.49,-0.81,0.26,2.46,1.41
1.07,1.42,1.12,1.37,1.86,2.22,2.16,1.92,1.32,1.26,1.34,2.28,1.43,1.76,1.13,-0.31,-0.07,0.14,0.25,0.29,0.16,0.67,1.11,0.08,0.8,0.29,-0.56,-0.78,-0.94,-0.02,-0.14,0.3,0.1,0.17,-0.77,0.87,0.29,0.17,0.13,1.08,1.15,0.53,-0.46,-0.01,-0.01,-0.04,-0.1,-0.13,-0.17,0.9,1.41,1.32
1.63,1.04,0.94,1.76,1.82,2.2,2.04,1.9,1.48,1.46,1.16,0.02,0.63,1.26,0.45,0.72,0.13,0.66,-0.05,0.41,0.91,0.39,-0.48,0.17,0.03,-0.35,-0.64,-0.51,-0.05,0.08,-0.5,-0.41,-0.43,0.33,0.56,0.48,1.56,-0.1,-0.25,0.6,1.58,0.57,-0.01,0.2,0.24,-0.0,-0.09,0.38,0.29,0.7,0.7,0.63
1.47,1.38,1.36,1.47,1.6,1.47,1.49,1.01,1.01,1.45,0.65,-0.11,-0.03,-1.32,1.16,0.0,0.73,0.98,0.81,1.04,0.5,1.04,-0.61,-1.68,-0.12,-0.13,-0.42,-0.21,-0.06,0.12,-0.53,-0.68,-0.82,0.14,-0.64,-0.48,-0.6,-0.2,0.22,0.36,1.07,0.81,0.25,0.75,0.82,0.51,0.71,1.23,0.68,0.24,0.46,0.07
1.33,1.35,1.45,1.48,0.51,0.35,0.07,0.19,1.5,1.46,-0.6,-1.36,-0.07,-0.41,-0.91,-0.52,1.3,1.83,1.07,2.87,0.2,-0.44,-0.95,-0.66,0.21,1.2,0.72,0.32,0.41,0.15,0.22,0.02,0.18,-0.31,-0.64,-0.44,0.31,0.56,0.92,0.59,0.38,0.28,0.5,0.72,0.71,0.53,0.52,0.79,0.81,0.43,-0.85,0.7
1.23,1.24,1.31,1.44,0.44,-0.08,-0.14,0.29,1.68,2.52,-1.86,-0.42,0.23,0.43,-0.21,0.71,1.47,2.34,1.64,-1.44,-0.51,-0.05,1.31,0.11,2.64,1.77,1.2,1.17,1.05,1.02,0.52,0.21,-0.3,-1.42,-0.88,-0.58,-0.29,0.68,1.88,0.81,-0.68,0.22,0.48,0.02,0.9,-0.17,0.39,0.39,0.77,0.42,0.32,0.33
1.0,1.04,1.2,1.08,1.3,1.03,2.33,2.16,2.5,-0.69,-0.54,0.18,1.26,0.5,0.85,0.56,2.1,-1.93,0.72,-2.79,1.06,3.01,2.64,2.86,0.69,1.65,1.49,1.1,1.54,0.48,0.67,0.75,0.37,0.09,-0.3,-0.16,-0.02,0.9,2.07,0.53,0.25,0.58,0.51,0.59,0.18,0.46,1.3,1.47,0.76,0.81,1.88,0.65
0.81,1.27,0.82,1.07,1.05,1.12,1.06,1.57,-0.67,-0.95,-0.63,0.12,0.43,-0.39,0.13,0.34,-0.8,-0.01,-0.65,0.44,0.14,0.05,0.93,1.0,1.02,0.92,0.64,0.64,0.8,1.09,0.64,0.84,0.9,0.89,1.34,0.63,0.88,1.72,1.21,1.2,1.75,1.68,0.87,0.61,0.53,1.33,1.67,1.67,1.11,1.21,0.63,1.87
1.0,0.75,0.7,0.7,0.52,1.06,1.54,0.88,-0.67,0.82,1.38,0.39,0.31,0.03,0.29,0.96,1.11,-0.7,-0.19,-0.32,-0.11,0.59,0.91,0.51,1.75,0.81,0.89,0.65,0.5,0.52,0.7,0.19,1.05,0.91,1.66,1.32,1.4,1.65,1.3,1.08,1.67,1.37,1.46,1.24,0.05,1.86,0.89,1.23,0.44,1.11,1.67,1.37
0.63,0.57,0.66,0.94,0.81,0.94,0.91,1.37,1.15,0.31,0.62,0.58,0.11,-0.31,0.1,0.78,0.58,0.21,0.33,-0.02,0.11,1.15,1.02,0.65,0.91,0.81,0.63,0.52,0.21,-0.06,0.49,0.91,0.93,1.19,1.02,1.36,1.25,1.47,1.46,0.98,1.71,1.44,1.03,1.08,1.61,2.21,1.7,1.59,1.59,1.36,1.29,1.44
0.53,0.98,0.79,1.36,0.79,1.22,1.0,1.23,1.1,-0.9,0.27,-1.21,-0.32,0.28,0.13,0.72,0.34,1.49,1.75,0.24,-0.53,0.16,0.35,0.84,1.03,0.7,0.23,0.38,0.26,0.2,0.68,0.99,1.67,1.07,0.98,1.22,1.7,1.41,1.0,1.21,2.03,1.83,1.05,0.84,1.29,1.71,2.04,0.93,1.55,0.94,1.68,1.42
0.13,1.12,0.7,1.02,0.64,0.47,0.65,0.69,0.62,-1.37,-1.63,-0.77,0.0,0.11,-0.33,-0.42,1.66,0.42,-0.34,-0.09,0.18,0.61,0.27,0.11,0.62,0.82,0.59,0.16,0.28,0.32,0.39,1.21,0.68,1.1,1.29,1.04,1.33,2.09,1.72,2.28,1.87,1.47,0.71,0.41,1.32,1.51,1.06,0.78,0.86,1.33,1.82,2.25
0.44,0.64,0.46,0.43,0.58,0.69,0.64,0.31,0.19,-0.82,-1.28,0.79,0.81,-0.21,-0.22,-0.29,-0.07,-0.62,-0.42,-0.31,0.01,0.17,0.23,0.11,0.38,0.69,0.58,0.27,0.79,0.61,0.79,0.76,1.1,1.03,1.19,0.54,1.66,2.09,1.67,2.21,2.73,1.89,0.42,0.67,1.28,1.31,0.26,-0.06,0.1,0.98,3.03,4.14
0.32,0.41,0.62,0.64,0.73,0.7,0.38,0.04,0.93,1.8,0.78,0.76,-0.02,0.01,-0.47,0.12,-0.11,-0.25,-0.12,-0.2,0.17,0.54,0.43,0.35,0.3,0.82,0.84,1.23,1.26,0.53,1.0,0.86,1.48,1.21,1.73,1.51,1.55,1.94,1.73,2.77,2.88,2.08,-0.47,0.8,1.38,0.91,0.68,0.12,0.22,0.87,4.42,4.57
0.54,0.52,0.08,0.37,0.93,0.56,0.83,1.39,1.37,1.26,1.25,0.98,0.74,0.23,-0.89,-0.82,-0.33,0.22,0.1,0.11,0.99,0.93,0.49,0.35,0.48,0.61,0.9,1.12,0.92,1.46,0.38,1.35,1.22,1.14,1.13,1.33,1.86,2.94,1.98,5.13,3.21,1.91,-0.23,0.65,1.26,1.21,0.93,0.65,0.62,4.17,4.48,4.59
0.87,0.24,0.9,0.56,-0.03,-0.38,-0.83,2.14,-0.21,1.78,-0.13,-0.31,-0.52,-0.65,-0.83,0.51,-0.19,-0.53,0.18,0.65,1.07,1.11,1.05,0.65,1.03,0.68,-0.65,0.33,0.46,0.28,1.36,1.6,1.57,0.91,0.36,1.18,1.47,1.4,0.53,2.8,3.69,1.21,-0.12,0.58,1.32,2.1,1.39,2.33,3.32,4.13,4.39,4.59
0.42,0.37,0.4,1.66,1.45,0.97,0.05,0.52,0.44,0.9,0.03,-0.41,-1.0,-0.68,-0.3,0.41,-0.11,0.03,1.34,0.92,0.85,1.2,1.0,0.92,1.04,1.37,0.7,0.32,-0.02,0.77,1.81,1.14,1.58,0.95,0.83,1.81,1.75,1.48,2.3,2.45,2.52,0.58,0.75,2.13,4.02,4.49,4.99,3.7,3.78,4.11,4.18,4.35
0.95,0.83,1.39,0.95,-0.41,0.63,1.17,0.83,0.23,0.03,-0.77,-0.04,-1.3,-0.79,-0.33,0.04,0.09,0.46,0.51,0.54,0.86,1.01,0.83,0.72,1.06,1.47,1.12,0.95,0.54,0.7,1.34,1.62,0.4,1.0,1.18,0.84,0.17,1.71,2.25,2.52,2.69,1.43,2.26,4.35,5.06,5.68,5.74,4.61,4.83,3.76,3.68,3.86
1.12,1.11,1.09,0.13,0.8,0.56,0.94,-0.01,0.59,0.86,0.74,0.83,-0.1,-0.17,0.49,0.71,0.36,-0.39,0.29,0.41,0.83,0.65,0.78,0.62,0.72,0.96,0.93,0.98,1.18,1.74,1.85,1.9,2.03,2.17,2.64,1.54,1.49,2.28,2.4,3.16,1.64,2.65,3.19,3.83,5.52,5.85,4.78,5.06,4.83,3.72,3.79,3.94
1.13,-0.26,-0.74,0.56,-0.07,0.14,0.11,0.76,0.16,0.78,0.55,0.48,0.51,0.03,-0.42,0.81,0.76,0.16,0.58,0.82,1.5,1.15,1.02,0.91,0.98,1.07,1.36,0.75,1.41,1.31,1.58,2.15,2.0,2.05,2.53,2.18,2.15,2.83,2.9,1.67,1.97,2.65,3.66,3.84,4.15,4.48,4.86,5.07,4.0,3.77,3.89,3.97
1.45,-0.77,-0.66,-0.65,-0.15,-0.39,-0.13,-0.21,0.36,-0.28,-0.68,0.23,0.61,0.28,0.04,0.16,0.28,-0.08,0.39,0.47,0.95,0.97,0.58,0.36,0.87,1.36,1.2,1.25,1.48,1.14,1.02,0.39,-2.14,0.77,1.43,1.45,1.78,2.33,2.89,1.74,1.93,2.5,3.12,3.84,4.2,4.47,4.54,4.08,3.78,3.85,3.92,3.94
0.84,0.13,-0.37,0.0,0.06,0.1,0.02,-0.44,0.34,0.22,-0.01,0.51,0.02,0.24,0.88,0.47,0.17,-0.13,0.41,0.64,0.9,0.45,0.66,0.71,0.77,1.19,0.9,0.88,1.18,0.97,1.3,1.09,0.99,1.31,1.73,1.64,1.67,2.01,2.12,1.67,1.86,2.15,2.49,2.99,3.35,3.58,3.73,3.8,3.89,3.88,3.9,3.91
1.83,1.14,0.61,0.11,-0.12,-0.92,-0.58,-0.59,0.04,0.63,0.95,0.86,0.34,-0.0,0.66,0.13,-0.01,0.11,0.64,0.82,0.88,0.35,0.7,0.97,0.74,0.98,0.91,1.13,1.24,0.87,0.74,1.14,1.21,1.71,2.25,1.88,2.42,1.91,2.03,1.44,1.61,1.9,2.48,2.96,3.31,3.59,3.77,3.82,3.81,3.81,3.83,3.85
1.5,0.78,1.0,1.1,-0.47,-0.41,-0.64,-0.71,-0.18,0.43,1.11,1.22,1.0,0.62,0.85,0.68,0.69,-1.46,-0.39,1.3,0.78,1.56,1.49,1.19,0.98,1.01,1.25,1.23,1.09,1.0,1.16,1.65,1.21,0.93,1.49,0.85,2.53,2.38,3.4,4.1,2.56,1.94,2.52,3.17,3.42,3.57,3.67,3.71,3.74,3.74,3.74,3.76
0.74,0.87,0.95,0.68,-0.04,-0.79,-0.9,-0.12,-0.12,0.07,0.39,1.07,1.21,1.17,1.2,1.42,1.65,0.17,-1.53,1.2,1.81,1.81,1.43,1.22,0.94,1.02,1.44,1.29,1.29,1.25,1.17,1.54,1.42,1.59,1.42,1.9,2.16,2.18,3.36,4.23,4.51,1.93,2.63,3.26,3.47,3.51,3.55,3.55,3.59,3.58,3.63,3.68
0.67,0.68,1.04,0.91,0.32,-0.02,-0.42,0.01,0.25,0.76,0.51,0.99,1.44,1.43,1.29,1.2,1.75,1.57,1.54,1.47,1.52,1.73,2.39,1.32,1.05,1.0,0.89,1.04,0.68,1.32,1.32,1.38,1.53,1.07,1.33,1.73,1.58,2.1,2.6,3.02,4.2,2.17,2.61,3.22,3.45,3.42,3.4,2.93,3.46,3.5,3.58,3.63
0.44,0.61,0.91,1.07,0.07,-0.1,-0.31,-0.13,2.02,0.71,0.17,0.94,0.88,1.38,1.65,1.22,1.24,1.76,2.02,1.52,1.67,1.39,1.45,1.36,0.85,1.15,1.06,1.5,0.67,1.58,1.19,1.1,1.52,1.81,0.52,0.35,1.71,2.08,2.25,1.86,1.84,1.94,2.17,2.74,2.84,2.86,2.84,2.85,3.37,3.43,3.48,3.59
0.21,0.6,1.07,0.03,-0.65,-0.87,-0.5,0.64,0.94,0.81,0.91,1.65,1.03,-0.17,1.24,1.11,1.35,1.94,1.41,0.61,1.02,1.18,0.97,1.11,0.81,0.88,1.16,1.05,0.7,1.12,1.25,1.84,1.43,0.89,0.48,0.69,1.26,2.13,2.21,2.01,2.01,2.09,2.17,2.65,2.8,2.77,2.75,2.78,2.79,3.34,3.47,3.56
-0.04,0.79,0.84,-0.87,-1.53,-0.91,0.33,2.58,3.47,0.7,2.32,2.55,1.32,0.45,0.49,0.9,1.54,2.42,1.66,1.22,1.03,1.43,1.18,1.02,0.92,0.93,0.89,0.71,0.73,1.03,1.31,1.19,0.36,0.4,0.4,1.31,1.14,1.67,2.1,2.08,2.1,2.12,2.36,2.74,2.75,2.77,2.72,2.69,2.73,3.33,3.48,3.58
-0.09,0.51,0.58,-0.97,0.59,-1.29,0.54,0.98,0.98,1.92,2.51,2.49,1.59,1.06,0.54,1.01,2.61,2.36,1.92,1.28,1.13,1.87,1.51,1.87,1.26,1.03,0.77,0.66,1.07,1.35,0.41,0.9,0.58,0.17,0.23,0.35,0.84,1.64,2.03,2.1,2.13,2.17,2.55,2.67,2.73,2.72,3.21,2.71,2.76,3.35,3.5,3.56
-0.6,-0.03,0.15,0.15,0.26,-1.16,-0.3,0.01,1.25,1.06,1.03,1.71,1.01,0.89,1.41,1.18,2.07,1.61,1.51,0.43,0.46,1.1,1.19,0.45,1.35,1.24,0.7,0.76,0.91,0.92,0.8,0.58,0.43,0.19,0.22,0.26,0.44,1.68,1.94,2.12,2.24,2.45,2.54,2.62,2.65,2.72,2.74,2.74,2.79,2.87,3.5,3.58
-0.52,-0.05,-0.0,0.26,0.96,-1.42,-1.14,-0.03,1.75,2.45,2.64,1.76,1.49,1.56,1.53,1.62,1.82,0.95,1.66,2.27,1.02,0.84,0.51,-0.99,2.04,1.08,0.52,0.83,0.7,0.54,0.47,2.12,1.92,1.62,1.65,1.61,1.63,1.75,2.07,2.32,2.33,2.41,2.44,2.49,2.6,2.67,2.68,2.74,2.85,2.89,3.46,3.52
-0.66,-0.47,0.31,0.46,-3.27,-2.77,-0.27,-0.52,0.27,2.05,2.1,2.98,2.0,1.82,1.73,2.76,1.78,1.65,1.82,2.38,-0.01,1.31,0.91,1.7,1.39,-0.75,0.72,1.06,0.91,0.54,2.05,1.99,2.1,2.15,1.84,1.8,1.87,2.13,2.26,2.29,2.33,2.4,2.47,2.89,2.56,2.57,2.59,2.75,2.8,3.35,3.41,3.49
-0.12,-0.23,0.06,0.64,-1.87,-0.25,-0.54,0.2,1.55,3.14,3.43,3.36,2.98,2.64,2.7,3.11,2.47,2.4,2.4,2.31,1.56,1.47,1.89,2.16,1.83,1.26,1.31,1.59,1.64,2.47,2.19,2.17,2.61,2.56,2.39,2.32,2.28,2.27,2.27,2.28,2.26,2.29,2.35,2.42,2.47,2.5,2.54,2.63,2.72,3.27,3.36,3.41
