js/windd-p.js
{"header": { "discipline": 0, "disciplineName": "Meteorological products", "gribEdition": 2, "gribLength": 133963, "center": 7, "centerName": "US National Weather Service - NCEP(WMC)", "subcenter": 0, "refTime": "2014-11-30T06:00:00.000Z", "significanceOfRT": 1, "significanceOfRTName": "Start of forecast", "productStatus": 0, "productStatusName": "Operational products", "productType": 1, "productTypeName": "Forecast products", "productDefinitionTemplate": 0, "productDefinitionTemplateName": "Analysis/forecast at horizontal level/layer at a point in time", "parameterCategory": 2, "parameterCategoryName": "Momentum", "parameterNumber": 2, "parameterNumberName": "U-component_of_wind", "parameterUnit": "m.s-1", "genProcessType": 2, "genProcessTypeName": "Forecast", "forecastTime": 6, "surface1Type": 100, "surface1TypeName": "Isobaric surface", "surface1Value": 85000, "surface2Type": 255, "surface2TypeName": "Missing", "surface2Value": 0, "gridDefinitionTemplate": 0, "gridDefinitionTemplateName": "Latitude_Longitude", "numberPoints": 65160, "shape": 6, "shapeName": "Earth spherical with radius of 6,371,229.0 m", "gridUnits": "degrees", "resolution": 48, "winds": "true", "scanMode": 0, "nx": 52, "ny": 59, "basicAngle": 0, "subDivisions": 0, "lo1": 113.207, "la1": 42.7022, "lo2": 359, "la2": -90, "dx": 0.12172211350293503, "dy": 0.09065576592082614 }, "data":
[rows 0 to 57 of 59, columns 0 to 51 of 52]
-11.46,-13.27,-13.81,-13.55,-16.74,-18.09,-17.29,-15.08,-20.19,-18.02,-19.46,-19.82,-19.21,-13.55,-15.04,-19.52,-20.82,-18.56,-19.97,-21.88,-23.27,-21.9,-17.98,-18.86,-24.95,-21.27,-24.55,-23.07,-22.6,-22.93,-20.89,-23.84,-23.76,-21.85,-22.16,-25.87,-31.3,-22.71,-30.61,-30.4,-26.75,-20.4,-16.51,-10.08,-11.01,-9.08,-11.85,-6.7,-1.57,-11.32,-7.47,-5.16
-0.01,1.02,-1.99,-1.71,-2.34,-2.41,-2.28,-2.64,2.28,-0.24,0.65,0.68,-0.99,0.33,0.34,-0.52,-2.0,2.5,-1.22,-0.39,-0.21,-2.39,0.54,0.59,0.85,-3.16,-0.94,-0.19,2.65,1.3,1.57,-0.66,3.68,2.82,4.86,3.53,-1.62,4.28,2.37,2.69,0.76,4.42,5.97,2.21,5.73,-0.32,3.12,0.32,-0.9,1.33,2.12,3.3
1.15,0.98,1.16,0.08,-1.77,-1.0,-1.98,0.01,-0.29,1.35,-0.25,-1.67,-0.84,-1.11,-1.23,-0.06,0.02,-0.93,-1.46,-1.29,-0.71,-0.24,0.5,-0.02,2.35,-0.05,1.2,1.05,0.05,1.74,1.64,2.13,1.19,-2.39,-0.2,6.58,0.32,2.73,2.31,5.06,5.53,6.47,5.22,3.52,-0.57,0.68,1.6,4.34,-0.34,3.18,0.48,3.2
-0.53,-0.85,-1.92,-0.27,0.73,-2.08,-1.27,2.0,1.16,-0.3,1.79,-0.3,-1.45,0.45,-0.37,-0.5,1.54,2.28,-2.62,1.96,0.96,0.53,0.92,-0.93,1.72,1.72,1.63,0.46,1.34,2.32,3.33,3.94,-1.37,-0.16,-2.66,-2.22,2.57,-0.92,7.69,5.44,3.21,7.05,6.44,6.33,2.2,5.53,3.56,7.79,1.78,1.82,3.16,1.98
-1.46,-2.89,-0.6,-0.15,0.1,-1.93,-3.04,1.3,0.44,0.2,-2.54,-1.69,-0.54,1.52,3.21,2.72,-0.11,1.45,0.87,1.26,2.28,0.65,-1.03,0.25,2.67,2.14,0.61,-2.19,2.32,-1.56,0.58,2.99,-2.49,-4.47,-2.86,-2.8,0.84,9.32,2.36,1.43,3.96,4.54,1.25,5.04,0.95,2.74,1.25,1.07,2.74,0.97,1.54,-0.03
-0.19,-1.36,-0.82,-1.12,-2.23,-3.54,-1.92,0.15,-2.57,0.49,2.47,-0.78,0.66,2.27,0.87,-0.32,1.41,-0.82,-0.25,1.22,1.42,-0.07,-0.3,1.41,-0.69,1.99,0.47,1.64,-0.56,1.52,2.93,2.83,2.9,-1.39,-0.04,0.98,3.98,-0.37,5.03,4.76,5.07,2.01,4.33,2.33,-2.44,4.45,0.92,-1.32,-0.01,1.54,2.58,-2.02
1.2,0.32,-2.46,-3.49,-3.21,0.64,0.15,-0.22,2.73,1.4,0.72,0.04,2.58,5.27,4.51,-0.38,1.62,0.25,1.77,0.08,-0.09,2.05,-0.96,-0.51,1.01,2.9,1.04,2.86,2.57,4.35,4.09,4.01,5.11,-0.44,7.28,4.96,-0.11,-3.53,2.71,2.57,1.54,-8.11,-10.91,2.51,5.24,2.93,0.38,3.32,0.54,3.15,-0.98,4.29
6.04,2.31,3.31,1.73,2.93,3.81,3.96,4.72,5.62,1.06,-1.38,4.16,3.4,4.41,6.6,4.36,5.46,4.13,4.9,4.36,5.64,4.59,4.34,6.76,1.55,-9.35,-8.85,-9.92,0.14,-0.6,6.87,5.65,9.62,4.24,1.8,6.89,4.56,-2.18,-2.28,2.46,0.65,-13.2,-3.55,-8.55,2.96,-2.86,-0.14,1.3,2.0,2.41,3.23,-1.62
14.07,13.92,13.51,13.82,14.22,13.82,14.29,14.39,9.53,3.24,5.94,6.16,4.82,4.11,5.3,15.53,15.51,15.89,16.31,16.33,16.57,15.54,15.62,16.61,1.65,1.54,1.37,1.57,0.59,0.87,6.08,8.0,3.38,3.04,3.64,5.67,0.91,0.04,8.46,12.68,13.11,2.18,12.03,5.75,12.22,11.23,13.02,10.02,9.26,8.37,8.12,8.48
13.83,13.8,13.32,13.98,13.78,13.3,14.11,13.2,1.54,2.03,4.4,7.85,4.21,2.22,2.07,15.27,15.27,14.93,2.76,2.83,2.12,0.76,0.36,1.14,1.83,1.91,1.52,0.69,0.33,0.52,1.09,-0.3,1.65,0.75,2.06,0.08,3.48,0.47,0.67,2.16,2.46,7.99,3.17,12.23,12.08,11.11,13.45,11.82,8.54,8.12,8.07,8.44
14.45,13.72,13.3,13.53,13.16,13.21,13.45,11.51,1.52,1.44,3.81,4.92,3.94,2.78,3.03,12.29,14.65,13.1,1.69,1.68,0.69,0.5,0.39,0.85,1.18,1.64,0.5,0.25,1.18,0.92,0.35,-0.99,2.83,1.91,0.47,0.95,1.09,1.78,0.09,0.79,1.12,11.98,15.83,12.38,14.7,15.15,13.64,10.35,7.79,7.91,8.02,8.05
13.44,13.65,13.07,13.4,12.74,12.79,12.47,12.34,1.9,3.11,4.03,2.37,1.51,2.3,2.44,1.69,13.33,1.58,1.09,1.1,0.13,0.09,0.26,0.5,1.3,1.48,0.01,0.32,14.34,5.08,0.67,0.24,1.31,0.61,0.5,1.05,7.68,2.76,0.58,0.55,0.69,14.97,13.96,13.59,15.04,15.19,12.66,8.34,8.18,7.82,8.11,9.08
13.07,13.28,13.28,12.26,12.03,5.88,5.45,3.73,2.65,2.42,2.64,1.86,0.7,2.35,0.81,0.46,0.35,1.22,1.28,-0.09,-0.6,-0.06,0.61,1.0,3.12,8.26,1.86,14.52,1.69,9.08,-0.33,-0.67,-0.21,1.07,0.81,0.85,1.49,8.16,-1.78,0.73,0.24,7.3,12.7,16.88,13.86,12.41,10.32,8.52,7.28,7.3,7.39,7.92
13.27,13.01,12.25,11.99,11.1,4.93,3.81,2.97,1.95,2.31,1.96,1.35,1.41,2.0,1.24,0.23,0.22,0.73,1.38,0.4,0.26,-0.3,-0.7,-1.6,-2.25,9.21,10.73,12.59,1.78,11.99,1.19,0.19,0.11,-0.73,-0.2,-0.81,2.34,-0.17,-0.52,2.94,2.76,0.94,12.19,12.56,14.34,10.69,8.01,8.0,7.06,7.16,7.38,7.88
12.93,12.8,12.47,11.95,4.85,3.34,3.87,1.96,2.05,0.3,1.35,2.98,2.38,0.89,0.17,-0.51,-0.5,0.39,0.39,0.78,0.37,-1.06,-1.25,-3.56,7.83,-2.02,0.89,1.99,0.37,1.55,-0.1,0.83,2.11,1.09,1.54,0.2,-0.77,-1.09,1.36,1.07,1.35,2.55,5.99,8.31,9.07,9.14,7.58,6.86,2.16,0.37,2.5,7.37
12.71,13.68,13.26,12.42,5.57,4.22,3.85,2.67,1.44,-0.42,2.59,2.33,1.09,0.69,0.71,0.16,-0.72,-0.38,0.95,0.76,0.1,-1.37,-0.66,-1.88,-0.99,4.46,0.75,2.3,2.13,6.22,0.83,0.69,0.5,-0.52,-0.12,1.37,0.51,0.16,2.36,0.86,-0.11,1.11,1.88,7.7,4.62,1.6,0.8,0.51,7.23,-0.34,0.76,0.68
12.85,12.32,12.41,12.81,12.0,4.34,3.69,3.11,-0.68,-1.8,-0.28,1.15,1.18,0.52,0.95,1.49,1.07,1.39,0.4,-0.95,-0.22,8.17,0.08,-3.77,3.97,2.55,0.49,3.53,-0.79,0.52,0.33,0.86,0.94,0.24,0.03,9.0,1.31,-1.06,0.33,0.58,-0.06,1.03,1.2,5.75,2.14,0.84,0.45,1.74,0.16,-0.09,0.41,0.67
12.42,12.6,13.22,11.56,8.9,3.2,3.01,2.83,1.68,-0.05,-0.15,1.15,1.11,0.62,0.84,1.12,1.3,1.2,0.21,-0.04,0.04,0.1,-1.31,9.65,-0.11,9.42,-0.1,2.53,-0.95,-0.78,-0.3,0.48,1.5,-0.05,1.18,1.24,3.09,0.55,0.27,0.54,-0.91,0.86,0.9,3.43,2.26,0.74,0.69,0.93,0.83,-0.23,0.92,0.75
11.94,11.64,12.21,11.21,3.58,2.44,2.86,2.99,1.67,2.51,2.48,2.6,1.36,1.11,1.34,0.19,1.17,0.48,0.59,0.63,0.23,-0.01,11.23,8.7,9.43,1.3,1.36,0.9,2.06,4.25,1.0,1.17,1.02,3.22,0.6,0.71,1.36,1.15,2.07,0.84,-0.02,0.3,0.0,2.6,1.31,1.26,0.93,1.74,1.71,2.53,7.68,7.67
11.81,11.34,12.12,11.11,10.97,2.08,3.98,1.34,0.64,3.94,3.46,1.99,0.32,1.6,-0.31,-0.26,0.4,1.08,0.03,0.24,0.55,1.13,10.11,5.13,8.1,2.83,1.77,1.71,0.74,1.1,0.31,-0.24,1.04,5.03,1.7,0.18,0.27,0.79,0.17,-0.46,0.56,0.53,-0.92,0.3,0.88,0.53,1.47,1.07,0.82,2.92,6.99,8.64
9.99,11.61,12.51,10.92,11.06,9.94,3.67,1.49,0.4,-0.6,-0.36,1.42,0.34,-0.11,-0.08,1.6,-0.03,0.68,1.76,0.18,1.04,1.93,2.85,1.56,6.34,-0.16,0.87,1.11,1.15,0.95,0.97,1.44,1.17,0.78,0.35,3.39,2.25,1.68,-0.7,-0.14,0.54,0.02,-0.85,0.65,2.43,-0.21,1.92,1.28,0.79,5.71,7.59,6.84
11.94,11.49,11.66,11.28,10.69,10.72,9.09,3.94,1.28,0.36,-0.57,0.13,-0.18,-0.07,-0.66,-0.95,0.1,-0.58,0.28,2.01,1.65,4.07,2.2,4.78,6.14,2.71,1.77,1.11,1.21,0.14,0.41,1.38,1.54,0.69,0.81,3.16,6.56,4.38,2.24,0.53,-0.03,0.88,0.19,0.84,0.61,0.07,5.18,2.55,1.04,1.63,7.24,6.25
12.13,12.03,13.07,12.36,11.3,11.38,9.94,-0.8,-2.26,-0.63,0.38,-0.96,-0.33,-1.45,-1.88,-2.31,-0.84,1.23,1.29,0.88,1.01,0.84,0.64,1.46,1.51,1.28,1.23,2.01,-0.9,0.52,0.38,0.63,3.66,2.2,1.13,1.11,1.49,1.5,1.14,0.29,1.94,-0.05,2.56,2.75,2.06,-0.11,1.04,0.63,1.37,0.04,3.71,7.28
11.52,11.47,12.14,12.45,13.06,11.69,10.94,10.93,5.33,0.35,0.95,3.55,0.85,-0.07,-0.9,-0.98,-0.26,-0.08,0.78,2.55,1.64,6.92,2.09,0.93,-0.16,0.22,1.21,1.88,-0.12,0.89,1.41,1.78,1.49,1.59,0.34,0.82,3.55,1.91,0.48,1.81,0.04,0.05,1.05,0.53,0.5,-0.04,0.5,0.33,0.35,0.29,2.44,6.38
11.26,11.16,12.27,11.88,13.69,12.32,12.18,7.11,1.06,1.09,1.79,1.51,8.23,3.26,1.1,-0.67,-0.07,0.04,1.05,0.94,2.32,3.08,0.55,0.35,-1.8,-0.76,0.23,1.98,2.94,2.55,-0.88,0.15,-0.91,0.24,0.28,1.36,1.24,0.27,0.49,3.1,3.23,1.2,0.38,0.05,0.34,0.33,4.5,6.74,0.73,0.32,0.57,1.62
11.41,11.1,13.85,10.59,9.73,9.49,9.14,9.08,4.03,2.84,2.34,2.66,9.75,4.61,2.79,2.08,1.57,0.16,-0.34,1.02,2.08,-0.07,-1.0,-1.47,-0.89,0.17,0.58,0.91,1.65,0.09,-0.36,0.37,-0.84,-0.78,-0.16,1.47,0.55,1.27,0.73,0.05,1.42,1.96,0.94,1.02,0.18,0.32,0.23,0.24,-0.03,0.46,0.03,5.85
9.48,10.38,12.25,9.54,9.65,1.75,1.11,2.48,10.42,10.69,10.19,2.97,8.2,6.09,1.04,0.45,0.29,-0.65,-0.51,-0.49,-0.22,-0.91,-1.54,-2.66,-1.79,0.65,0.17,1.03,0.91,-0.51,-0.97,-0.55,-0.8,-0.68,-0.17,0.46,1.48,0.07,0.15,0.17,0.91,1.34,0.86,0.46,-0.52,0.69,0.4,0.34,-0.0,0.31,1.53,1.28
9.76,11.04,12.91,9.54,8.96,1.74,1.93,1.59,12.96,10.99,7.85,-0.01,0.59,0.78,0.89,0.0,0.32,0.8,0.67,0.61,0.46,-0.01,-0.28,0.35,-0.35,-1.27,-0.49,0.08,-0.0,-0.67,-0.07,-0.33,-0.22,-0.62,-0.01,0.56,2.18,-0.51,-0.97,0.92,-0.55,0.92,0.86,0.58,0.33,0.3,0.67,0.07,1.18,0.32,0.43,0.85
8.9,9.85,10.46,9.85,8.86,0.91,0.7,0.53,0.41,0.38,0.21,1.21,0.75,-0.35,6.79,5.04,0.51,-0.6,-0.12,-0.25,-0.14,1.56,-0.05,1.02,-0.78,-0.63,-0.53,-0.19,-0.53,-0.77,-0.89,-0.66,-0.89,-0.05,-1.24,0.15,0.37,0.46,0.35,2.11,2.04,1.12,0.82,0.95,0.58,1.05,1.29,2.47,1.34,-0.12,-0.18,-0.51
8.85,9.12,9.22,9.2,1.36,0.25,-0.21,-0.38,-0.59,0.41,2.79,2.64,0.31,0.33,0.59,0.25,4.83,1.44,-0.35,0.92,0.34,0.18,-0.31,0.77,0.4,0.11,-0.13,-0.43,-0.33,-0.74,-0.96,-0.64,-0.63,-0.2,-0.11,0.27,0.19,0.32,0.71,1.61,1.07,0.9,1.01,1.11,1.57,0.4,1.03,1.84,1.24,1.28,-1.37,1.06
8.84,8.81,8.61,8.28,2.89,-0.24,-0.79,-0.44,1.76,4.32,3.8,0.95,-0.06,0.63,0.3,10.01,7.65,0.95,-0.22,1.57,0.9,-0.52,0.14,0.48,1.19,0.96,0.22,-0.01,0.24,0.11,-0.54,-0.48,-0.95,0.35,-0.19,-0.32,0.1,0.07,0.91,1.24,0.67,-0.06,0.62,1.15,1.22,1.32,1.43,1.7,1.68,2.16,2.3,2.43
8.25,8.02,8.58,10.66,11.48,10.59,4.8,4.27,3.73,2.14,0.89,-0.86,-1.41,0.45,10.13,7.0,3.33,0.53,1.05,0.63,0.87,0.09,0.1,1.21,0.45,1.01,0.63,0.16,0.81,0.33,-0.02,-0.98,-0.56,-0.58,-0.26,-0.62,-0.47,0.48,1.4,0.5,1.09,1.72,0.6,0.89,0.26,0.79,1.64,1.7,1.57,2.12,1.6,2.4
7.63,11.27,9.81,9.09,9.34,10.44,8.63,5.04,1.23,0.21,-0.42,-1.74,7.57,3.72,2.09,0.54,0.4,0.04,1.02,-0.1,0.58,0.43,0.45,0.26,0.3,0.43,-0.09,0.63,-0.27,0.29,0.51,0.13,0.63,-0.14,0.08,0.17,0.44,0.44,0.31,0.22,0.52,0.88,0.62,0.35,0.16,1.64,1.94,2.08,1.68,0.18,1.76,1.79
9.15,9.09,8.37,8.26,9.91,11.18,11.02,8.51,0.39,3.91,1.15,-0.56,0.69,4.41,-0.17,0.27,0.02,-0.16,1.34,0.27,0.44,-0.04,0.32,-0.03,0.47,0.28,0.32,0.66,1.0,0.17,0.57,0.81,0.22,-0.3,0.31,0.42,1.18,0.4,-0.14,-0.59,0.14,0.52,0.52,0.73,1.18,1.52,1.47,2.19,1.77,0.82,2.6,1.51
7.91,8.03,8.06,10.23,10.69,10.39,9.65,9.43,7.57,1.92,0.65,0.48,-0.28,1.23,-0.57,0.47,0.09,0.38,1.28,0.96,0.49,0.39,0.69,-0.33,0.24,0.49,-0.24,0.61,0.59,0.31,0.49,0.53,0.14,-0.07,-0.1,0.57,0.78,-0.33,-0.48,-0.12,0.77,0.54,0.45,1.26,0.82,1.0,1.44,1.2,1.37,1.41,1.46,1.91
8.11,9.67,11.46,11.88,8.67,9.11,7.75,6.14,5.1,-0.28,0.38,0.08,0.83,0.25,0.12,4.84,0.49,0.04,0.54,1.14,0.77,0.49,0.61,0.29,0.27,0.34,0.09,0.34,0.36,0.36,0.66,0.55,0.46,0.24,0.1,0.4,0.74,0.12,-0.21,0.45,0.99,1.0,0.42,0.85,0.23,0.54,1.37,1.61,1.07,1.01,2.14,1.97
10.05,11.85,9.64,10.33,10.58,6.63,4.97,3.18,2.39,-0.03,-0.39,1.5,1.07,0.09,0.17,-0.16,-1.46,-0.11,0.98,0.42,0.39,0.67,0.45,0.01,-0.03,0.03,0.6,-0.01,0.08,0.19,-0.35,0.0,-0.34,0.15,0.36,-0.2,0.16,0.92,0.52,0.0,1.01,0.97,0.69,0.91,0.07,0.47,0.88,1.21,1.28,1.08,1.8,3.14
10.98,8.93,7.2,7.36,7.03,6.37,4.78,6.35,3.59,4.35,1.17,0.88,0.8,-0.21,-0.2,-0.06,1.22,-1.09,-0.27,0.2,0.0,0.3,0.13,0.02,0.39,0.4,0.25,-0.08,0.39,0.08,0.33,0.05,0.22,0.19,0.05,-0.41,-0.36,0.23,0.53,0.64,1.0,0.99,0.78,0.74,0.84,0.96,0.87,0.63,0.91,1.48,2.18,3.33
6.79,6.73,6.94,6.77,5.74,5.38,4.5,5.54,3.17,2.02,1.67,1.98,1.22,0.51,-0.51,-0.02,0.24,0.21,0.0,0.37,0.42,0.32,0.4,0.07,0.34,0.52,0.44,0.41,-0.08,0.26,0.55,0.24,-0.31,0.22,0.02,-0.33,0.33,0.69,0.68,0.65,1.64,1.23,0.61,1.2,1.15,0.8,1.74,1.25,1.15,1.47,2.37,3.18
7.04,9.9,11.29,10.52,7.46,5.92,3.69,3.65,4.26,4.49,-0.87,1.91,1.26,0.14,0.21,0.64,1.0,0.14,0.05,0.44,-0.34,0.13,0.24,0.28,0.4,0.43,0.66,0.82,0.48,0.26,0.21,0.78,0.07,0.31,-0.03,-0.36,0.36,1.4,0.94,2.56,2.12,1.92,1.19,1.97,1.78,1.81,2.32,2.61,1.46,2.17,2.55,3.28
7.98,11.63,11.69,7.23,3.66,2.84,2.53,2.84,0.91,3.45,0.6,0.44,0.51,0.99,1.05,-0.34,0.05,0.56,0.14,0.06,-0.2,0.09,0.2,0.33,0.43,0.18,0.33,0.19,0.23,0.06,0.6,0.25,0.36,0.8,-0.38,-0.58,-0.33,-0.47,0.37,1.26,2.64,0.75,1.79,2.14,2.24,2.84,3.84,2.47,2.47,2.69,2.93,3.47
7.97,10.84,10.3,1.33,1.58,1.47,0.29,-0.14,-0.86,0.58,-0.21,0.44,1.5,-0.72,0.24,0.01,0.18,-0.04,0.31,-0.29,-0.23,0.14,-0.07,-0.06,-0.09,-0.11,0.3,-0.03,0.3,0.4,1.04,0.71,0.59,0.46,-0.12,-0.5,-0.13,-0.32,0.68,0.89,1.27,1.18,2.31,4.27,5.15,5.07,5.1,3.24,3.3,3.13,3.26,3.69
6.25,8.2,3.78,3.34,0.86,-0.45,-0.75,-0.3,-0.39,-0.07,0.2,0.08,1.0,0.43,0.66,0.0,0.39,0.33,0.09,-0.19,-0.5,-0.35,-0.18,-0.01,-0.12,-0.3,-0.33,-0.39,-0.02,0.03,0.67,0.67,0.36,0.44,0.31,-0.15,0.09,-0.05,0.59,1.28,1.85,2.85,3.61,5.96,6.22,6.48,5.56,4.08,3.76,3.33,3.64,4.11
6.02,7.7,3.6,0.58,1.18,0.4,-0.1,0.03,-0.44,0.14,0.52,0.34,0.55,0.58,0.58,0.36,0.08,0.18,0.11,-0.2,-0.77,-0.5,-0.33,-0.17,-0.04,-0.31,-0.38,-0.34,0.4,0.35,0.71,0.63,0.51,0.13,0.84,0.66,0.77,0.04,1.04,1.63,1.72,3.55,3.97,4.6,6.65,6.27,4.36,4.23,3.4,3.13,3.6,3.99
6.91,1.33,1.01,1.35,0.47,0.77,1.14,1.07,1.39,0.09,0.67,0.89,0.29,-0.02,0.25,0.61,0.39,0.46,0.27,-0.46,-1.11,-0.71,-0.65,-0.46,-0.3,-0.45,-0.17,-0.11,0.11,0.64,0.29,0.45,0.87,0.83,0.93,0.79,0.78,0.98,1.35,1.27,1.81,2.95,4.28,4.34,4.33,4.39,4.08,3.65,2.65,2.97,3.37,3.86
2.74,1.24,1.07,0.15,0.34,0.87,0.91,0.3,-0.08,1.16,1.01,0.3,0.49,0.25,0.35,0.27,-0.05,0.13,0.11,-0.47,-0.54,-0.58,-0.61,-0.38,-0.48,-0.65,-0.45,0.07,0.09,0.46,0.2,0.11,0.36,0.62,1.35,1.35,1.13,1.39,1.63,1.31,1.83,2.25,2.69,3.32,3.27,3.27,2.68,2.32,2.49,2.78,3.23,3.6
5.92,4.23,1.05,0.22,0.24,0.39,0.93,-0.32,-1.2,-0.49,0.1,0.31,-0.01,0.17,-0.0,0.01,-0.02,0.17,-0.11,-0.29,-0.31,-0.37,-0.43,-0.42,-0.57,-0.52,-0.47,0.23,0.15,0.08,0.01,0.04,0.55,0.96,1.35,1.32,0.72,0.87,0.95,1.06,1.13,1.36,1.86,1.85,1.87,1.85,2.11,2.19,2.41,2.63,2.94,3.27
1.83,0.39,1.2,-0.2,-0.65,0.45,-0.35,-1.61,-1.34,-1.45,-0.91,-0.37,-0.1,-0.03,-0.19,-0.04,0.21,0.23,-0.06,-0.1,-0.27,-0.31,-0.42,-0.53,-0.44,-0.36,-0.64,-0.75,-0.15,-0.18,-0.05,-0.06,0.34,0.66,1.23,1.04,1.36,0.54,0.45,0.1,-0.11,0.21,1.13,1.61,1.66,1.79,1.94,1.97,2.16,2.37,2.62,2.92
2.47,3.26,1.57,1.06,-0.89,-0.99,-0.97,-1.79,-1.66,-1.33,-1.1,-0.36,-0.16,-0.04,-0.34,-0.05,0.27,-0.16,-0.09,-0.25,-0.15,-0.51,-0.37,-0.51,-0.42,-0.54,-0.73,-0.79,-0.49,-0.12,-0.01,0.27,0.14,0.36,0.23,0.25,1.28,0.62,0.02,0.1,-0.19,-0.09,0.54,1.31,1.43,1.6,1.74,1.74,1.92,1.98,2.12,2.4
5.97,4.29,2.93,1.32,-0.55,-0.59,-0.83,-1.77,-0.42,-1.86,-1.54,-0.57,-0.17,-0.06,-0.27,-0.18,0.12,0.04,-0.14,-0.13,-0.85,-0.65,-0.72,-0.56,-0.43,-0.5,-0.55,-0.39,-0.39,-0.33,-0.0,-0.08,0.05,0.05,0.14,0.39,0.55,0.2,0.29,0.26,0.36,0.02,0.68,1.07,1.27,1.27,1.43,1.4,1.59,1.56,1.75,1.92
4.45,5.22,4.0,3.09,1.2,0.66,-0.54,0.24,-0.42,-1.3,-0.83,-0.47,-0.15,-0.36,-0.2,-0.25,0.07,0.15,0.1,-0.14,-0.42,-0.47,-0.36,-0.5,-0.1,-0.42,-0.48,-0.45,-0.67,-0.6,-0.66,-0.26,-0.16,-0.21,-0.03,0.08,0.51,0.17,0.36,0.33,0.57,0.48,0.66,1.01,0.93,0.95,1.12,1.01,1.19,1.25,1.45,1.65
4.08,3.6,3.24,4.3,1.21,0.82,-0.03,0.0,-0.55,-0.24,-0.08,-0.8,-0.72,-0.7,0.1,-0.07,-0.07,-0.27,-0.13,-0.18,-0.2,-0.06,-0.06,-0.32,-0.25,-0.19,-0.6,-0.63,-0.39,-0.54,-0.5,-0.31,-0.17,-0.65,-0.65,0.06,0.39,0.5,0.28,-0.34,-0.43,0.43,0.55,0.76,0.68,0.65,0.68,0.67,0.89,0.98,1.06,1.21
5.54,3.41,1.26,2.06,0.51,-0.99,-1.15,-0.76,-0.46,-0.39,-0.26,-0.88,-1.1,-0.46,-0.37,-0.21,-0.22,-1.1,-0.61,-0.47,0.1,-0.07,-0.44,-0.3,-0.23,-0.18,-0.42,-0.34,-0.26,-0.53,-0.44,0.19,-0.34,0.1,-0.08,-0.05,-0.03,0.31,-0.17,-0.44,-0.49,0.37,0.43,0.7,0.63,0.56,0.44,0.44,0.43,0.63,0.75,0.91
4.1,2.34,1.75,0.69,0.91,-0.92,-0.66,-0.76,-0.75,-0.35,-0.9,-0.67,-0.34,-0.28,-0.17,-0.12,-0.11,-0.51,-0.23,-0.15,-0.13,-0.1,-0.41,-0.46,-0.22,-0.18,-0.39,-0.47,-0.46,-0.66,-0.33,-0.67,-0.13,-0.36,-0.18,0.05,-0.08,-0.02,-0.64,-0.62,0.26,0.33,0.51,0.63,0.51,0.38,0.27,0.2,0.2,0.21,0.4,0.65
4.8,2.41,0.83,1.77,2.81,0.69,-0.59,0.42,-0.25,-0.71,-0.85,-0.88,-0.4,-0.24,-0.15,-0.13,-0.39,-0.22,0.28,-0.0,-0.3,0.04,-0.48,-0.57,0.02,0.0,-0.3,-0.49,-0.64,-1.07,-0.4,-0.61,-0.58,-0.55,-0.14,0.08,0.17,0.09,0.16,0.24,0.27,0.45,0.55,0.51,0.39,0.26,0.15,-0.02,-0.08,-0.1,0.03,0.22
7.28,3.8,1.52,3.63,3.76,0.84,0.51,0.48,-0.6,-0.75,-0.66,-0.9,-0.22,-0.02,-0.32,-0.05,-0.07,-0.21,0.01,-0.1,0.13,-0.2,-0.3,0.34,0.39,0.16,-0.19,-0.44,-0.59,-0.74,-0.67,-0.67,-0.78,-0.67,-0.22,0.12,0.26,0.19,0.27,0.37,0.48,0.58,0.54,0.39,0.27,0.07,-0.13,-0.19,-0.32,-0.32,-0.37,-0.23
6.65,4.24,2.34,1.35,0.2,1.68,1.27,0.37,-0.82,-0.83,-0.77,-0.92,-0.66,-0.68,0.11,0.06,0.08,-0.05,-0.07,0.23,0.2,0.16,0.37,0.72,0.69,0.61,-0.4,-0.3,-1.48,-1.43,-1.53,-0.51,-0.62,-0.44,-0.21,-0.05,0.17,0.29,0.48,0.5,0.49,0.5,0.41,0.3,0.07,-0.12,-0.25,-0.46,-0.59,-0.55,-0.64,-0.64
7.53,7.53,2.52,2.25,2.97,2.47,0.8,0.53,-0.22,-0.4,-0.74,-0.54,-0.58,-0.51,0.22,0.28,0.15,-0.13,-0.12,-0.54,0.08,0.16,0.28,0.46,0.36,-0.14,-0.05,-0.16,-0.74,-1.52,-0.28,-0.44,-0.31,-0.31,-0.17,0.04,0.17,0.29,0.39,0.41,0.49,0.36,0.32,0.11,-0.12,-0.25,-0.5,-0.67,-0.78,-1.05,-1.04,-0.91
