js/windd.js
{"header": { "discipline": 0, "disciplineName": "Meteorological products", "gribEdition": 2, "gribLength": 133963, "center": 7, "centerName": "US National Weather Service - NCEP(WMC)", "subcenter": 0, "refTime": "2014-11-30T06:00:00.000Z", "significanceOfRT": 1, "significanceOfRTName": "Start of forecast", "productStatus": 0, "productStatusName": "Operational products", "productType": 1, "productTypeName": "Forecast products", "productDefinitionTemplate": 0, "productDefinitionTemplateName": "Analysis/forecast at horizontal level/layer at a point in time", "parameterCategory": 2, "parameterCategoryName": "Momentum", "parameterNumber": 2, "parameterNumberName": "U-component_of_wind", "parameterUnit": "m.s-1", "genProcessType": 2, "genProcessTypeName": "Forecast", "forecastTime": 6, "surface1Type": 100, "surface1TypeName": "Isobaric surface", "surface1Value": 85000, "surface2Type": 255, "surface2TypeName": "Missing", "surface2Value": 0, "gridDefinitionTemplate": 0, "gridDefinitionTemplateName": "Latitude_Longitude", "numberPoints": 65160, "shape": 6, "shapeName": "Earth spherical with radius of 6,371,229.0 m", "gridUnits": "degrees", "resolution": 48, "winds": "true", "scanMode": 0, "nx": 52, "ny": 59, "basicAngle": 0, "subDivisions": 0, "lo1": 113.207, "la1": 42.7022, "lo2": 359, "la2": -90, "dx": 0.12172211350293503, "dy": 0.09065576592082614 }, "data":
[rows 0 to 57 of 59, columns 0 to 51 of 52]
9.93,8.86,7.32,5.37,4.78,6.48,2.36,0.55,-0.15,-0.61,-0.18,0.58,0.23,0.05,-0.07,-0.21,0.09,-0.42,-0.26,-0.16,0.02,-0.09,-0.35,-0.62,-0.72,-0.86,-0.58,-0.75,-0.76,-0.09,-0.03,0.08,0.15,0.19,0.22,0.23,0.19,0.13,0.26,0.39,0.61,0.76,0.87,0.91,1.12,1.11,1.26,1.33,1.33,1.46,1.31,0.88
9.94,10.11,4.43,4.23,3.8,3.39,0.46,0.76,0.01,0.4,0.23,0.85,0.45,0.49,0.43,0.07,-0.01,-0.59,-0.28,-0.84,-0.13,-0.95,-0.6,-1.2,-1.42,-1.22,-0.85,-0.76,-0.91,-1.17,0.17,0.31,0.46,0.56,0.68,0.89,0.85,0.71,0.59,0.77,1.02,1.09,1.27,1.54,1.42,1.41,1.62,1.64,1.63,1.95,1.87,1.26
9.0,6.79,4.65,3.44,2.66,1.98,3.22,0.58,0.46,0.53,0.23,0.91,0.89,0.71,0.02,0.32,0.08,-0.07,-0.05,-0.11,-0.82,-0.42,-0.05,0.83,-1.41,-0.83,-0.79,-0.43,-1.0,-1.04,-0.87,0.4,0.43,0.32,0.58,0.67,0.79,0.91,0.94,0.99,1.2,1.39,1.55,1.64,1.76,1.8,1.88,2.0,2.01,2.0,2.26,1.84
9.94,6.66,4.14,6.0,6.12,2.56,2.24,0.93,0.84,1.06,0.88,0.78,1.23,0.92,-0.05,0.1,-0.17,0.02,-0.01,-0.03,-0.62,-0.65,-0.5,-0.12,-1.01,-1.27,-0.57,-0.58,-1.18,-1.33,-1.0,-0.54,-0.65,-0.85,-0.33,-0.17,-0.15,0.83,0.75,0.78,1.06,1.48,1.72,1.89,1.94,2.04,2.2,2.31,2.38,2.36,2.59,2.2
6.93,5.21,3.62,1.99,5.59,2.86,1.05,1.48,0.85,0.82,1.13,0.46,0.53,0.54,0.13,0.03,-0.43,-0.12,-0.19,-0.23,-0.05,-0.09,-0.79,-1.36,-1.29,-1.17,-0.7,-0.89,-1.46,-1.43,-0.7,-0.51,-0.75,-0.84,-0.33,-0.36,-0.36,0.44,0.61,0.78,0.91,1.2,1.62,1.97,2.16,2.19,2.74,2.5,2.59,3.0,2.9,2.49
6.7,5.1,4.54,1.18,1.03,-0.24,-0.16,1.05,0.74,0.09,0.54,0.57,0.16,0.19,0.19,0.08,-0.31,-0.47,-0.45,-0.47,-0.0,-0.17,-0.26,-0.23,-0.21,-0.65,-0.66,-0.53,-0.65,-0.84,-0.39,-0.31,-0.62,-0.81,-0.43,-0.47,-0.7,-0.79,-0.81,-0.74,0.76,1.06,1.48,1.9,2.15,2.34,2.41,2.6,2.6,3.01,3.08,2.75
8.44,5.76,3.86,2.7,0.69,-0.31,-0.72,0.46,0.52,0.06,0.07,0.15,0.74,0.05,0.1,-0.19,-0.11,-0.57,-0.5,-0.51,-0.09,-0.24,-0.93,-0.59,-0.24,-0.81,-0.76,-0.55,-0.49,-0.97,-0.21,0.12,-1.26,-0.6,-0.35,-0.37,-0.6,-0.62,-0.71,-0.72,-0.73,1.02,1.11,1.81,2.12,2.3,2.5,2.52,2.62,3.15,3.16,2.94
6.78,6.43,6.07,7.64,1.14,0.92,0.01,0.24,1.61,0.4,0.01,-0.47,-0.36,0.47,0.33,0.03,-0.11,-0.45,-0.28,-0.2,-0.22,-0.19,-0.54,-0.81,-0.62,-1.08,-0.6,-0.98,-0.6,-0.5,-0.7,-0.22,-0.86,-0.84,-0.25,-0.05,-0.55,-0.62,-0.89,-0.6,-0.6,0.88,0.98,1.68,1.99,2.23,2.33,2.43,2.99,3.11,3.25,3.17
7.75,8.91,7.47,2.84,1.88,0.75,-0.17,1.1,-0.18,-0.19,-0.1,-0.54,-0.48,0.14,0.34,-0.08,0.43,-0.03,-0.11,-0.04,-0.06,-0.48,-0.59,-0.48,-0.56,-0.73,-0.85,-0.64,-0.4,-0.41,-0.62,-0.62,-0.9,-0.94,-0.01,-0.73,-0.24,0.41,-0.1,-0.19,-0.12,1.48,1.35,1.96,2.11,2.3,2.4,2.16,2.83,3.0,3.22,3.16
9.97,8.36,2.84,1.36,0.39,0.73,1.03,0.72,-0.05,0.03,0.06,-0.2,-0.74,-0.23,0.04,-0.09,0.33,-0.25,-0.37,0.02,-0.73,-0.35,-0.19,-0.06,-0.13,-0.44,-0.77,-0.43,-0.44,-0.3,-0.09,-0.91,-0.86,-0.71,-0.56,-0.09,-0.0,0.02,-0.3,-0.13,-0.04,1.69,1.69,1.61,1.73,1.84,1.92,2.14,2.54,2.86,3.07,3.18
5.5,4.4,1.17,1.24,0.71,0.15,0.62,0.76,0.27,0.33,0.39,0.38,-0.17,-0.34,-0.59,-0.21,0.18,-0.71,-0.35,-0.08,-0.17,-0.37,-0.35,-0.23,-0.06,-0.15,-0.08,-0.32,-0.33,-0.37,-0.69,-1.02,-0.62,-0.15,-0.64,-0.19,-0.0,0.56,-0.11,-0.61,0.62,1.26,1.15,0.96,1.09,1.29,1.49,1.88,2.24,2.61,2.97,3.04
3.94,1.59,0.95,0.3,0.23,1.42,0.8,0.69,0.37,0.08,0.37,0.33,0.1,-0.04,-0.27,-0.06,0.08,-0.04,-0.14,-0.09,-0.21,-0.4,-0.13,0.03,-0.09,-0.14,-0.15,-0.27,-0.34,-0.29,-1.13,-0.95,-0.58,-0.65,-1.41,-0.7,-0.02,1.1,1.19,0.33,0.35,0.29,0.24,0.38,0.69,0.98,1.22,1.56,1.92,2.29,2.61,3.01
11.34,7.41,1.4,0.7,0.76,1.06,1.36,0.16,-0.1,0.08,0.1,0.41,-0.03,0.19,0.13,-0.08,-0.13,0.15,0.49,0.45,0.12,-0.17,-0.0,0.29,-0.07,-0.04,-0.22,-0.07,-0.94,-1.27,-0.89,-0.57,-0.22,-0.6,-0.56,0.07,0.78,0.59,0.31,-0.88,-1.02,-0.71,-0.34,0.37,0.75,0.89,0.98,1.12,1.45,1.9,2.36,2.7
5.81,1.92,1.48,0.27,0.31,0.61,0.31,0.31,-0.22,-0.26,-0.28,0.07,0.44,0.22,0.45,-0.08,-0.07,0.2,0.55,0.52,0.23,-0.12,0.21,0.2,0.12,-0.17,-0.24,-0.34,-0.6,-0.94,-0.74,-0.28,0.4,0.01,0.44,0.24,0.7,0.7,0.0,-1.65,-1.57,-0.99,0.49,1.27,1.3,1.25,0.91,0.77,1.06,1.5,1.99,2.54
12.86,2.26,1.59,1.45,0.09,0.8,1.06,0.86,1.92,0.1,0.01,0.69,0.24,-0.02,0.16,0.42,0.37,0.39,0.63,0.4,0.28,-0.12,0.09,0.02,-0.25,-0.06,-0.19,-0.22,-0.78,-0.58,-0.7,-0.66,-0.03,0.08,0.43,-0.08,0.82,0.4,-0.25,-2.23,-1.76,-0.23,0.78,0.95,0.83,0.72,0.55,0.62,0.56,1.11,1.57,2.24
11.07,13.76,6.29,0.95,1.51,0.54,0.07,0.82,-0.44,0.21,0.51,0.15,0.34,0.41,0.18,0.5,0.03,0.14,0.38,0.27,-0.06,-0.22,0.23,0.07,-0.53,-0.4,-0.76,-0.83,-0.52,-0.48,-0.34,-0.33,-0.81,-0.17,0.42,0.76,0.74,0.42,1.74,1.0,-1.65,0.11,0.47,1.1,3.82,2.88,-0.0,0.3,0.53,0.74,1.32,1.95
11.63,14.33,6.3,7.23,1.26,0.38,-0.29,0.15,0.13,0.05,0.17,0.07,0.57,0.26,1.04,0.89,-0.05,-0.2,-0.08,-0.02,0.68,0.66,-0.03,-0.16,-0.09,-0.29,-1.08,-1.01,-0.05,0.11,-0.03,-0.17,0.1,0.28,0.58,0.95,0.2,0.33,0.68,1.66,2.48,-0.29,-0.5,2.81,3.32,3.11,1.66,-0.13,0.33,0.56,1.1,1.7
13.43,17.7,17.66,3.01,2.76,2.36,-0.22,-0.17,-0.09,2.25,0.13,0.46,1.84,0.14,0.38,0.56,0.45,-0.2,-0.46,-0.31,-0.0,0.5,-0.1,-0.25,-0.32,-0.83,-0.49,0.03,0.69,0.08,0.28,0.61,-0.06,0.37,-0.05,0.42,0.56,0.18,0.36,1.74,3.45,-0.6,-1.08,1.41,2.73,2.45,1.78,-0.63,0.01,0.35,0.97,1.65
14.21,18.92,18.28,13.94,7.35,5.24,3.47,6.74,2.56,7.79,1.45,0.79,0.96,0.1,0.22,0.86,0.14,0.64,0.78,0.02,-0.13,0.62,-0.3,-0.92,-1.06,0.07,0.02,-0.16,0.18,-0.25,0.44,0.4,0.21,0.52,0.34,0.02,0.19,0.41,0.74,1.78,3.65,-0.42,-0.35,0.63,1.48,1.37,1.31,-0.39,-0.21,0.17,0.73,1.39
12.63,16.51,18.98,18.01,14.65,12.89,9.23,8.29,8.45,9.02,-1.18,1.6,1.3,1.57,0.05,0.9,2.13,0.5,0.61,0.9,-0.43,-0.04,0.18,-0.57,-0.73,-0.08,0.19,0.36,0.15,0.44,0.19,0.74,0.29,0.26,0.03,-0.15,1.04,1.24,1.1,2.99,2.52,2.27,0.02,0.49,0.72,0.69,1.0,1.41,-0.31,0.04,0.7,1.1
12.98,12.49,12.56,12.65,11.98,11.94,11.0,11.25,7.09,3.22,2.16,2.19,3.28,2.34,0.17,0.3,0.32,0.57,0.26,0.73,0.78,0.63,0.29,0.4,0.25,-0.08,0.08,0.21,0.3,0.29,0.81,1.06,0.21,0.01,-0.02,-0.31,1.04,1.25,0.55,1.12,1.99,1.61,0.42,0.53,0.15,0.45,0.6,0.66,0.95,0.11,0.66,1.01
17.58,14.86,12.65,13.05,12.59,12.0,10.05,11.96,8.67,8.64,2.32,1.58,0.58,0.41,0.97,0.18,1.58,-0.35,0.08,0.28,0.18,0.34,0.12,0.64,0.2,-0.39,0.16,0.19,0.57,0.45,0.39,0.63,0.54,0.02,0.24,0.32,0.98,0.88,0.37,0.94,1.5,1.06,-0.03,-0.12,-0.3,-0.08,0.25,0.68,1.07,1.39,0.59,0.89
15.46,18.01,15.33,16.04,17.17,12.04,10.32,8.88,8.57,0.78,-0.8,1.89,1.11,-0.48,0.35,-0.54,-1.71,-0.32,0.53,0.05,0.15,0.6,0.13,0.06,0.0,0.4,0.66,0.19,0.18,0.31,0.0,0.17,0.04,0.36,0.6,0.74,0.77,1.51,0.66,0.7,0.2,0.25,0.08,0.11,-0.55,-0.03,0.46,0.81,1.06,0.15,0.2,0.64
12.95,14.6,17.41,17.52,13.49,14.04,12.93,11.05,10.22,-0.4,2.18,-0.74,-0.48,-1.62,-1.47,7.24,0.38,-0.2,0.22,0.06,0.33,0.51,0.07,0.06,0.24,0.44,-0.05,0.3,0.11,0.31,0.26,0.4,0.03,0.91,0.79,0.97,1.29,1.31,0.84,0.97,0.66,0.26,-0.06,-0.17,0.2,0.46,0.62,0.31,-0.06,-0.0,0.14,-0.01
13.12,12.96,12.65,15.19,15.59,15.37,14.42,14.12,12.22,3.01,2.33,2.34,1.45,3.04,-0.05,0.79,0.13,0.26,1.11,0.1,0.2,-0.03,0.26,0.35,-0.01,-0.31,0.57,0.52,0.3,0.08,0.14,0.51,0.69,0.48,0.78,0.78,1.01,1.08,0.68,0.11,0.31,0.66,0.0,-0.1,0.42,0.07,0.35,0.1,0.02,-0.1,-0.18,-0.03
13.69,13.57,12.76,12.7,14.68,15.96,15.23,12.3,2.11,7.04,4.05,1.62,2.6,6.65,5.24,2.46,2.07,0.74,1.2,0.07,-0.02,-0.37,0.01,0.55,0.65,-0.11,0.66,0.42,0.29,0.37,0.33,0.68,1.13,0.18,0.74,0.75,0.67,-0.02,-0.05,-0.52,-0.06,0.24,-0.43,-0.68,-0.2,0.17,0.25,0.01,-0.06,-0.38,-0.08,0.12
11.85,15.69,13.92,13.16,13.27,14.55,12.76,8.82,3.0,2.77,1.32,0.66,11.73,10.28,8.92,8.61,2.38,3.73,0.8,3.52,0.43,0.02,0.68,0.84,0.43,0.38,0.19,0.57,0.85,0.8,0.52,0.37,0.84,0.76,0.81,-0.21,0.28,-0.87,-0.4,-0.22,-0.3,-0.48,-0.83,-0.88,-0.39,-0.14,-0.02,-0.09,0.97,-0.63,0.93,0.15
12.38,12.0,12.36,14.68,15.42,14.58,8.26,7.27,6.39,3.01,1.64,0.62,0.11,0.7,13.68,12.77,3.29,1.08,3.9,1.34,2.41,0.89,0.07,1.17,1.24,0.07,0.69,0.52,0.69,0.23,0.27,0.4,0.45,0.35,0.44,-0.08,0.25,-0.54,-0.05,-0.36,0.05,-0.05,-0.44,-0.34,0.04,-0.32,-0.04,0.74,0.33,0.72,1.73,0.76
12.59,12.47,12.26,11.5,6.81,4.05,3.16,3.19,4.55,6.91,3.4,1.31,0.49,0.62,0.89,10.35,2.87,0.98,0.78,2.07,1.37,0.16,0.74,1.82,0.14,-0.15,0.27,0.22,0.18,-0.14,-0.33,0.08,0.3,0.44,0.0,0.15,-0.07,0.09,0.07,0.5,0.89,-0.31,-0.22,1.01,0.65,0.31,0.09,0.22,0.17,0.82,0.13,0.15
12.38,12.48,12.52,12.31,5.04,3.61,3.52,1.8,3.09,3.04,2.79,2.61,-0.25,0.56,0.48,0.24,2.02,0.78,-0.59,4.22,1.43,1.11,0.19,1.08,0.41,0.28,-0.06,-0.08,0.0,-0.07,0.06,-0.16,0.14,0.5,0.11,-0.19,0.16,-0.7,0.11,-0.91,-0.08,0.7,0.64,0.43,1.75,0.55,-0.21,0.15,0.07,0.28,0.09,0.34
12.19,12.97,13.39,12.68,11.32,3.09,2.68,2.75,2.81,2.82,3.91,4.26,1.74,0.05,9.33,5.95,2.32,1.09,1.83,2.36,1.29,7.02,5.22,2.74,-0.28,0.38,-0.34,-0.07,-0.06,0.53,0.17,0.01,0.04,-0.02,-2.13,-0.79,0.31,1.27,1.23,-0.34,0.03,1.14,0.84,-0.15,-0.16,0.5,0.22,0.27,1.84,0.35,-0.19,0.38
13.01,13.81,15.75,12.14,11.1,3.17,3.51,3.46,16.26,14.14,11.42,5.69,2.92,0.25,1.71,2.16,2.49,2.93,-1.34,1.36,4.21,4.56,6.65,1.05,0.39,0.87,0.33,0.19,0.19,0.26,0.52,0.38,-1.17,0.07,-0.21,-0.11,-0.38,2.73,3.75,1.64,2.25,0.79,0.54,0.52,0.49,0.51,1.74,-0.02,1.97,0.38,0.26,0.54
12.35,13.03,14.88,11.58,11.79,2.87,2.37,4.17,13.26,13.94,13.56,1.59,12.73,9.63,1.52,0.61,0.02,3.34,3.29,2.33,1.01,0.29,0.79,2.0,0.17,0.44,0.81,0.9,0.29,-0.36,-0.55,-0.3,-1.07,-0.29,2.12,0.43,1.39,0.18,0.08,-0.43,0.01,0.44,-0.01,0.17,-0.73,1.19,2.07,1.21,0.16,-0.22,0.6,1.48
14.16,13.63,16.6,13.22,12.05,11.57,11.0,11.27,1.97,0.76,0.56,1.03,14.06,5.0,1.89,2.02,2.33,4.01,4.46,5.15,4.83,-1.66,-0.27,-1.36,0.93,-0.07,-1.26,0.09,1.15,-0.34,-0.63,-0.32,1.43,-0.42,0.19,0.52,0.32,2.06,1.35,-0.49,1.54,1.71,0.29,0.72,-0.11,0.35,2.56,0.19,0.15,1.36,-1.31,7.59
14.07,13.78,14.77,14.25,16.62,15.31,14.97,9.77,1.89,1.41,0.99,1.06,12.44,1.89,1.04,1.13,0.44,1.35,3.63,4.24,6.61,5.66,1.05,0.42,-0.63,0.02,-0.17,2.11,2.5,1.92,-0.94,-0.54,-1.04,-0.27,1.16,3.21,1.64,0.19,1.19,6.25,6.64,1.34,-0.13,-0.0,-0.51,-0.54,8.18,12.06,0.25,2.67,2.1,2.86
14.18,14.11,14.42,15.12,16.03,14.65,14.27,14.69,9.73,3.15,2.57,6.14,2.44,1.71,1.22,1.19,1.93,-0.06,4.19,7.11,5.82,13.25,4.18,3.26,2.25,1.57,2.47,0.31,-0.23,0.46,1.68,1.41,-1.22,-1.22,-0.43,0.8,7.06,3.73,1.77,4.62,-0.13,0.16,1.84,1.18,-0.94,-1.6,0.23,-0.2,0.63,3.19,6.83,9.08
15.09,14.64,15.69,15.2,14.46,14.98,13.75,4.29,3.27,1.64,2.32,1.34,1.81,0.89,1.22,1.36,2.0,2.07,3.85,4.0,3.19,2.8,2.87,3.72,3.53,2.18,0.61,1.82,-1.33,0.47,0.57,0.38,2.45,0.28,0.34,0.64,1.31,2.01,1.95,0.11,3.29,-0.27,5.2,5.65,3.6,-0.74,1.9,0.61,1.63,-0.34,7.07,10.95
14.55,14.31,14.29,14.34,14.05,14.42,12.7,4.5,2.43,2.08,1.23,1.75,0.22,1.45,1.99,2.21,-0.93,0.23,1.15,4.09,2.28,5.68,3.46,7.74,10.73,3.28,1.65,1.24,1.28,0.12,0.39,1.4,0.98,-0.52,-1.28,1.21,12.78,7.94,2.55,0.71,0.45,4.04,1.15,1.14,0.79,-0.07,15.92,10.61,1.88,2.38,12.98,9.16
12.37,14.54,15.41,13.98,14.51,13.59,2.72,0.84,0.23,2.1,2.22,2.43,1.3,1.07,1.45,-0.17,-0.73,1.48,4.18,1.57,2.28,2.74,4.24,2.44,10.86,-1.92,-0.29,-0.05,0.56,0.89,0.42,1.41,0.96,0.3,-1.09,0.92,1.73,1.4,-0.03,-0.13,2.74,3.3,1.64,1.83,2.57,-0.75,1.14,-0.76,-1.43,10.37,13.59,9.83
14.87,14.38,15.21,14.39,14.44,2.36,4.21,0.43,1.0,3.46,5.21,5.32,1.34,2.27,0.71,-0.09,-0.33,0.13,4.78,1.8,2.5,2.61,16.34,8.81,13.27,2.67,1.51,1.47,-0.09,-0.4,-0.84,-0.5,0.67,7.84,1.13,-0.01,1.29,1.19,0.66,-0.32,2.41,3.29,-0.85,0.42,0.13,-0.5,0.43,-0.95,-2.46,1.62,11.87,13.08
15.08,14.64,15.42,14.59,4.04,2.55,3.21,2.1,-0.3,1.73,4.49,5.98,4.3,3.34,2.54,0.39,-0.02,0.89,1.37,2.07,1.54,1.28,17.73,15.7,16.32,2.7,2.1,1.05,2.7,6.9,0.63,1.72,0.88,4.65,0.9,1.04,2.36,0.91,0.26,1.51,1.32,1.9,0.24,4.64,2.62,1.6,-0.28,0.3,0.02,0.56,13.45,11.26
15.54,15.78,16.64,14.89,11.09,3.29,3.29,2.53,1.05,1.2,2.47,4.38,4.28,3.09,2.87,1.04,-1.03,-1.43,1.0,0.65,0.87,0.5,0.75,16.91,0.71,14.64,0.41,-0.64,-0.03,-0.83,0.49,1.64,3.0,0.55,2.4,2.45,5.62,0.41,1.6,1.26,-0.14,1.22,0.68,-0.25,2.13,1.65,0.28,0.99,0.55,-0.71,4.51,10.29
16.01,15.07,15.48,16.16,15.3,3.54,3.27,3.03,1.16,0.84,1.68,3.24,3.57,2.5,2.7,1.62,0.67,1.52,1.5,0.34,0.68,12.04,1.48,-0.8,7.79,3.79,1.03,-3.91,-0.44,0.09,0.82,1.7,2.17,1.21,0.86,16.33,2.81,0.33,1.36,1.44,-0.12,0.81,0.98,-4.51,12.09,15.09,0.5,2.34,0.83,0.12,-1.78,9.84
15.73,16.72,16.42,15.54,4.1,3.12,3.3,2.43,2.5,1.08,2.76,3.02,3.2,2.79,2.79,1.56,0.85,2.58,3.7,2.56,1.36,0.06,0.98,2.77,6.55,8.51,-0.01,-2.1,-0.92,11.72,2.24,0.65,1.34,0.12,0.04,2.42,1.96,2.02,4.48,1.44,-0.33,0.53,1.55,-3.21,-2.45,14.26,16.12,2.23,12.53,-0.69,-1.29,9.68
16.12,15.78,15.38,14.94,3.27,2.82,3.96,3.17,2.88,2.14,2.48,3.59,3.23,2.23,2.31,1.37,1.31,2.36,3.38,3.87,2.81,0.1,1.57,4.06,14.81,2.26,-0.29,0.69,-0.03,2.7,0.9,1.7,3.18,1.73,2.22,0.7,-0.11,-0.36,2.0,1.39,1.23,2.67,8.77,6.17,16.13,16.99,15.84,13.85,4.15,-0.08,13.73,10.64
16.11,15.87,15.06,15.01,13.81,4.65,4.03,2.93,1.91,2.53,2.35,1.39,1.57,2.35,1.29,0.9,1.16,1.73,2.65,3.08,3.43,2.74,0.92,2.74,3.59,15.52,14.0,17.24,2.22,19.62,1.78,1.11,1.4,0.04,1.64,-0.85,3.72,-0.02,-0.66,4.37,3.49,0.94,18.63,18.95,21.03,18.49,16.45,16.27,13.91,13.19,12.73,11.85
16.04,16.12,15.9,15.12,15.01,5.95,5.6,3.4,2.22,2.16,1.95,0.65,0.42,2.38,0.98,0.71,0.85,1.7,2.14,2.81,3.31,2.34,1.43,1.94,5.51,11.6,2.88,19.89,2.76,13.46,-0.45,0.0,0.82,3.26,1.1,0.58,1.63,13.33,-2.0,1.89,0.79,9.91,18.51,23.08,19.66,18.93,17.57,16.19,14.22,13.39,12.85,12.07
16.06,16.54,15.84,16.27,15.74,16.01,15.84,15.85,0.27,1.18,1.8,0.53,0.67,1.38,1.73,1.74,17.46,1.87,2.95,3.26,2.19,1.35,2.24,1.99,3.14,2.8,0.75,1.33,19.44,7.7,3.92,1.28,3.38,2.45,1.42,0.27,10.69,5.58,2.0,1.49,1.03,20.44,19.44,18.62,20.2,20.15,18.55,14.63,14.25,13.23,12.97,13.12
17.47,16.68,16.06,16.42,16.12,16.41,16.7,13.96,0.03,0.11,1.15,1.04,1.28,1.35,1.62,15.19,18.0,16.18,3.26,3.26,1.97,1.31,2.67,2.2,3.01,2.01,0.71,0.57,1.94,2.67,3.69,0.63,7.5,4.86,2.89,0.74,3.6,4.38,1.73,0.98,1.05,15.58,20.85,17.08,19.4,19.92,18.41,15.93,13.16,12.99,12.77,11.89
16.6,16.57,16.06,16.78,16.61,16.02,17.09,15.73,-0.0,0.39,1.4,2.26,1.66,1.67,1.71,17.92,18.15,17.75,4.0,3.96,2.62,1.43,1.65,2.25,2.15,1.54,0.86,0.69,0.56,1.09,2.23,2.04,4.7,2.12,4.98,1.78,6.13,3.79,2.39,2.11,1.37,8.83,1.55,16.13,16.21,15.16,18.46,16.36,13.39,12.92,12.43,12.04
17.1,16.71,16.19,16.6,17.11,16.54,17.03,17.05,10.56,1.47,3.47,3.82,4.07,12.65,5.16,18.0,18.05,18.48,19.03,19.03,19.44,18.25,18.49,19.7,0.76,0.84,-0.37,0.39,0.15,0.44,11.69,11.09,4.94,5.03,8.39,7.67,3.0,3.05,13.85,18.75,17.61,0.08,13.35,5.24,15.44,14.62,17.33,13.88,13.12,12.44,12.08,11.74
8.35,5.64,6.18,5.2,5.94,5.76,6.04,7.32,7.58,0.72,-0.76,5.22,3.62,4.46,6.63,7.1,7.5,6.1,7.68,6.62,8.19,6.58,5.11,8.51,3.22,-12.64,-10.48,-10.93,2.79,2.32,9.16,7.43,11.09,7.25,2.44,4.52,4.17,-0.22,7.95,6.98,5.93,-14.59,-9.07,-9.61,3.23,1.63,3.14,3.56,0.29,4.1,3.99,1.49
3.0,2.55,0.6,0.97,1.28,3.8,2.1,2.93,4.72,3.86,-0.33,1.41,3.4,4.46,4.13,1.59,3.03,1.42,3.11,0.85,0.96,2.28,1.43,1.61,4.04,4.35,3.49,5.59,6.76,5.47,6.94,4.92,4.9,3.05,5.07,3.85,0.75,0.06,8.07,6.0,4.6,-9.18,-14.11,8.74,11.37,4.73,5.61,3.85,0.66,2.81,1.66,7.75
2.54,0.64,2.25,1.64,2.61,2.12,0.31,2.57,1.9,3.84,4.81,-1.68,2.17,2.6,2.65,1.69,3.24,0.93,1.02,1.77,0.86,1.44,2.78,2.17,3.17,4.46,4.53,4.0,3.01,4.12,4.61,5.07,3.76,2.65,3.76,-0.56,5.18,3.79,7.52,7.13,9.57,3.39,6.39,4.98,3.03,5.55,3.41,1.54,2.44,-0.08,2.7,2.29
1.26,0.39,1.52,3.01,2.49,2.58,1.65,2.88,2.86,3.27,1.11,1.44,1.14,4.19,4.51,3.33,0.95,4.46,0.68,1.98,2.52,1.81,2.24,1.78,3.34,5.4,4.12,1.48,4.96,2.27,2.97,5.65,2.13,-0.1,1.35,0.59,-2.36,17.07,-2.14,3.48,7.01,5.73,6.24,7.83,8.45,2.57,2.04,0.97,4.57,3.51,1.87,2.99
1.42,1.91,1.87,1.9,2.27,1.33,2.51,3.96,2.03,2.59,5.16,3.88,1.29,2.88,2.06,2.39,0.77,2.58,0.75,2.23,2.38,3.03,2.28,3.07,2.8,3.87,5.17,2.85,4.03,5.05,4.57,4.91,1.01,2.52,0.61,0.32,4.83,-0.6,14.37,4.37,6.07,9.95,6.76,12.53,4.43,6.91,1.85,7.26,4.8,3.29,3.31,3.77
2.3,2.23,3.29,2.34,2.01,2.59,1.38,2.54,2.93,2.24,2.19,3.07,2.02,2.54,1.99,1.98,1.25,0.49,1.18,1.48,1.76,2.9,2.12,2.87,4.79,2.37,3.53,3.69,2.02,4.47,4.18,3.64,2.52,0.84,2.6,8.78,1.81,5.47,3.99,5.99,6.27,12.89,9.78,6.54,2.99,1.36,0.59,4.87,4.51,6.52,1.16,4.07
0.72,2.01,0.92,2.04,1.69,1.07,0.84,1.48,4.01,2.01,2.63,2.62,1.98,1.24,1.37,1.4,0.68,3.0,0.48,1.62,2.18,1.98,2.5,2.54,4.05,1.38,1.73,3.35,3.72,2.93,3.87,2.23,4.58,5.83,5.23,6.62,2.95,8.81,10.68,5.67,4.08,8.8,14.03,9.26,10.3,2.52,1.02,2.58,1.46,4.38,1.94,1.43
