js/windd.js
{"header": { "discipline": 0, "disciplineName": "Meteorological products", "gribEdition": 2, "gribLength": 133963, "center": 7, "centerName": "US National Weather Service - NCEP(WMC)", "subcenter": 0, "refTime": "2014-11-30T06:00:00.000Z", "significanceOfRT": 1, "significanceOfRTName": "Start of forecast", "productStatus": 0, "productStatusName": "Operational products", "productType": 1, "productTypeName": "Forecast products", "productDefinitionTemplate": 0, "productDefinitionTemplateName": "Analysis/forecast at horizontal level/layer at a point in time", "parameterCategory": 2, "parameterCategoryName": "Momentum", "parameterNumber": 3, "parameterNumberName": "V-component_of_wind", "parameterUnit": "m.s-1", "genProcessType": 2, "genProcessTypeName": "Forecast", "forecastTime": 6, "surface1Type": 100, "surface1TypeName": "Isobaric surface", "surface1Value": 85000, "surface2Type": 255, "surface2TypeName": "Missing", "surface2Value": 0, "gridDefinitionTemplate": 0, "gridDefinitionTemplateName": "Latitude_Longitude", "numberPoints": 65160, "shape": 6, "shapeName": "Earth spherical with radius of 6,371,229.0 m", "gridUnits": "degrees", "resolution": 48, "winds": "true", "scanMode": 0, "nx": 52, "ny": 59, "basicAngle": 0, "subDivisions": 0, "lo1": 113.207, "la1": 42.7022, "lo2": 359, "la2": -90, "dx": 0.12172211350293503, "dy": 0.09065576592082614 }, "data":
[rows 0 to 52 of 59, columns 0 to 51 of 52]
-5.24,-5.33,-5.45,-5.18,-3.3,-5.32,-2.29,-1.24,-0.79,-1.07,-1.23,-1.59,-1.33,-1.23,-1.18,-0.97,-0.71,-0.46,-0.44,-0.6,-0.7,-0.84,-0.83,-0.78,-0.87,-0.84,-0.6,-0.58,-0.56,-2.53,-2.61,-2.69,-3.1,-3.33,-3.3,-3.26,-3.29,-3.35,-3.5,-3.64,-3.61,-3.56,-3.59,-3.57,-3.56,-3.55,-3.61,-3.65,-3.64,-4.29,-4.29,-4.4
-5.66,-5.85,-5.69,-5.4,-2.18,-1.67,0.11,0.27,0.38,0.13,-0.23,-1.16,-0.58,-0.44,-0.89,-0.36,-0.17,0.19,0.26,1.03,0.03,0.03,0.14,-0.01,0.07,0.11,0.61,0.42,0.32,-0.13,-2.53,-2.65,-2.81,-2.99,-2.8,-2.61,-2.51,-2.76,-3.17,-3.46,-3.51,-3.5,-3.55,-3.99,-3.57,-3.58,-3.61,-3.72,-3.71,-4.34,-4.36,-4.41
-5.89,-5.88,-5.76,-5.06,-5.26,-0.9,0.35,0.62,0.41,0.28,-0.31,-0.15,-0.31,-0.46,-0.16,-0.63,-0.09,0.03,0.02,-0.13,-0.6,-0.11,-0.05,-0.18,0.49,0.47,0.51,0.61,-0.11,-0.05,-0.25,-2.51,-2.4,-2.36,-2.48,-2.3,-2.24,-2.14,-2.37,-3.09,-3.16,-3.2,-3.19,-3.24,-3.42,-3.54,-3.56,-3.63,-3.69,-3.7,-4.33,-4.42
-5.87,-5.86,-5.66,-5.67,-5.79,1.3,0.89,0.23,-0.22,-0.5,-0.35,0.16,-0.35,-0.24,-0.13,-0.16,-0.5,-0.26,-0.08,0.01,-0.07,0.21,0.46,0.03,0.34,0.64,0.48,0.25,0.25,0.23,0.25,0.14,-0.1,-0.1,0.27,0.79,1.26,-1.8,-1.87,-2.39,-2.63,-2.76,-2.9,-3.04,-3.18,-3.38,-3.46,-3.53,-3.59,-3.68,-4.32,-4.34
-5.31,-5.31,-5.36,-2.84,-5.65,1.84,0.35,0.05,-1.02,-0.18,-0.11,0.26,0.24,0.11,0.06,-0.2,-0.94,-0.14,-0.01,-0.02,0.0,0.0,0.38,0.23,0.27,0.41,-0.01,-0.02,0.52,0.03,0.61,0.24,0.27,0.28,0.25,1.34,1.09,-0.56,-1.53,-1.9,-2.11,-2.26,-2.45,-2.71,-2.93,-3.13,-3.81,-3.39,-3.5,-4.16,-4.28,-4.32
-5.63,-4.97,-5.21,-2.11,-0.9,-0.02,0.09,-0.45,-0.81,-0.01,-0.1,-0.14,-0.1,0.01,-0.22,-0.54,-0.73,-0.36,-0.13,-0.04,0.02,-0.01,-0.05,0.16,0.45,0.39,0.09,-0.03,0.1,-0.02,0.45,0.45,0.81,1.09,0.63,1.06,1.01,0.98,0.46,0.2,-1.55,-1.77,-1.97,-2.31,-2.75,-2.96,-3.1,-3.28,-3.44,-4.12,-4.28,-4.34
-5.15,-5.02,-4.72,-1.21,-0.43,0.17,0.34,-0.07,0.15,0.0,-0.1,-0.25,-0.1,-0.03,-0.88,-1.0,-0.78,-0.54,-0.26,0.05,-0.06,-0.35,0.14,0.25,0.1,0.44,0.18,0.31,0.25,0.86,0.96,1.55,1.08,0.34,0.43,0.64,0.94,0.72,0.76,0.68,0.5,-1.4,-1.53,-2.13,-2.66,-2.91,-3.12,-3.24,-3.44,-4.15,-4.32,-4.43
-5.05,-5.05,-4.65,-5.27,-0.4,-0.23,0.0,0.09,0.26,0.07,0.02,-0.33,-0.59,-0.75,-1.18,-0.81,-0.57,-0.72,-0.52,-0.21,-0.4,-0.26,0.09,0.44,0.37,0.52,0.3,0.88,0.4,0.49,0.8,0.28,0.63,0.77,0.96,0.96,0.68,0.83,1.03,1.07,0.96,-0.92,-1.27,-2.14,-2.67,-2.88,-3.14,-3.34,-4.07,-4.33,-4.47,-4.58
-5.33,-5.23,-4.78,-0.13,-1.15,-0.06,0.37,0.01,-0.51,-0.16,0.0,-0.22,-0.68,-0.78,-0.8,-1.02,-1.4,-0.92,-0.49,-0.23,-0.07,-0.15,0.15,0.41,0.95,0.79,0.82,0.82,0.36,0.68,0.85,0.54,0.36,0.5,0.03,0.86,1.09,1.76,1.08,0.43,-0.23,-0.68,-1.22,-2.63,-3.15,-3.4,-3.75,-3.47,-4.32,-4.49,-4.62,-4.74
-5.73,-4.72,-0.38,0.41,0.49,0.58,0.98,0.51,-0.1,-0.49,0.14,-0.29,-0.66,-0.82,-0.59,-1.01,-1.48,-0.97,-0.56,-0.2,-0.12,0.04,0.09,0.11,0.58,0.93,1.3,1.07,1.21,0.47,0.38,0.61,0.61,0.92,0.97,0.36,0.31,0.96,-0.39,-0.46,-0.45,-0.42,-1.18,-2.69,-3.23,-3.74,-4.04,-4.37,-4.58,-4.77,-4.87,-4.91
-3.93,-1.22,1.58,1.19,1.11,0.65,0.79,0.08,-0.21,-0.68,-1.06,-0.55,-0.33,-0.15,0.51,0.38,-0.1,-0.74,-0.5,-0.15,0.09,0.2,0.35,0.34,0.31,0.47,0.34,0.61,0.35,0.22,0.35,0.44,0.59,0.4,0.85,0.38,0.87,0.58,-0.28,-0.57,-0.37,-0.47,-1.45,-2.93,-3.61,-4.09,-4.48,-4.67,-4.89,-5.0,-5.07,-5.14
-3.13,-1.85,0.46,0.32,-0.24,0.7,0.89,0.48,0.05,-0.38,-0.14,-0.53,-0.16,0.03,0.48,0.45,0.54,0.24,-0.14,-0.25,-0.22,-0.11,0.11,0.63,0.44,0.97,0.4,0.61,0.31,-0.11,0.77,0.78,0.79,1.27,1.41,1.05,1.01,0.84,0.77,-0.72,-0.67,-0.86,-2.45,-3.45,-4.04,-4.43,-4.73,-4.9,-5.1,-5.19,-5.31,-5.39
-6.76,-4.13,-0.51,-0.27,-0.14,-0.55,-0.75,-0.12,0.22,-0.1,-0.27,-0.28,-0.02,0.08,0.51,1.34,0.36,0.16,0.14,0.05,-0.02,-0.19,0.24,0.79,0.77,0.39,1.22,0.27,0.62,0.88,0.98,0.74,0.54,0.91,1.29,1.26,1.09,1.0,0.67,-1.09,-1.33,-2.2,-3.38,-4.18,-4.48,-4.69,-4.95,-5.15,-5.28,-5.34,-5.49,-5.63
-3.81,-0.67,-0.41,-0.17,-0.14,-0.35,-0.31,-0.15,0.05,-0.05,-0.07,-0.44,-0.12,0.04,0.16,0.54,0.92,0.43,0.52,0.21,0.61,0.68,0.42,0.67,0.91,0.47,0.62,0.57,0.61,0.85,0.82,0.12,-1.46,0.13,1.21,1.44,1.51,1.46,1.08,-1.62,-2.24,-3.64,-5.02,-5.56,-5.63,-5.82,-5.95,-5.86,-5.51,-5.44,-5.69,-6.01
-5.51,-0.81,-0.65,0.09,-0.37,-0.34,0.01,0.95,-0.52,-0.1,-0.2,-0.42,-0.01,-0.06,0.01,-0.18,-0.09,-0.04,0.8,0.77,1.11,1.21,0.41,1.24,0.9,0.65,0.11,0.55,0.85,1.01,1.28,1.33,1.26,1.6,1.89,1.21,1.73,1.65,0.99,-2.56,-3.56,-5.12,-5.86,-6.02,-6.35,-6.53,-6.73,-6.98,-6.17,-5.75,-6.05,-6.37
-5.01,-5.85,-2.33,-0.19,0.4,0.42,0.44,-0.79,-0.2,0.12,-0.1,-0.28,-0.23,-0.18,-0.01,-0.29,-0.09,-0.83,-0.0,0.41,0.77,1.13,0.46,0.57,0.84,0.75,0.87,1.25,1.01,1.0,1.61,1.5,0.82,1.39,2.1,0.77,0.55,0.66,-0.02,-1.07,-4.05,-5.47,-5.6,-5.82,-2.1,-2.55,-7.2,-7.34,-6.97,-6.12,-6.4,-6.7
-5.82,-6.28,-1.76,-4.71,-0.6,0.01,-0.08,-0.62,-0.57,0.41,-0.29,-0.09,-0.89,-0.71,-0.84,-0.64,0.11,0.01,-0.2,0.1,0.74,1.38,0.58,0.51,0.66,0.75,1.23,1.45,0.57,0.72,1.53,1.55,0.68,0.99,0.8,0.31,-0.19,0.57,0.26,-0.43,-0.89,-4.48,-5.52,-1.67,-2.03,-2.06,-2.89,-7.21,-6.81,-6.34,-6.46,-6.74
-6.96,-7.74,-7.86,0.73,0.75,-1.92,-0.41,-0.26,1.66,-1.11,0.64,-0.2,-1.04,-1.56,-0.39,0.06,0.14,-0.02,-0.35,-0.26,-0.07,-0.33,0.56,0.59,0.73,0.67,0.84,0.41,0.18,0.96,1.27,0.87,0.64,0.71,0.53,0.51,1.02,0.67,0.32,0.64,-0.23,-3.77,-4.34,-0.37,-1.0,-1.28,-1.82,-6.56,-6.09,-5.67,-5.75,-6.1
-5.2,-8.11,-7.54,-8.13,-3.69,-3.14,-2.23,-5.65,0.51,-5.38,0.23,-0.06,-0.58,0.06,-0.35,-0.29,-0.21,-0.21,-0.89,-0.42,-1.06,-0.29,0.37,0.52,1.34,0.13,0.46,0.74,0.65,0.92,1.28,1.1,1.1,0.46,0.76,1.25,1.46,0.64,0.69,0.7,-0.03,-3.09,-0.79,0.87,0.69,0.14,0.6,-3.85,-5.99,-5.84,-5.95,-6.09
-6.67,-7.03,-8.84,-8.11,-7.93,-6.91,-6.67,-6.82,-6.94,-7.57,0.91,-0.19,-0.22,-0.81,-1.64,-1.11,-1.79,0.66,-0.36,-0.03,-1.1,-0.35,0.04,0.39,0.71,0.63,1.07,1.62,0.96,0.5,0.01,0.88,1.0,0.64,1.04,1.14,1.32,1.29,0.72,0.95,0.2,-0.8,1.03,1.14,0.83,0.59,0.56,0.46,-5.38,-6.26,-6.24,-6.34
-6.65,-6.34,-6.34,-6.4,-6.66,-6.82,-6.68,-6.73,-5.67,-1.18,-0.29,-0.32,-1.73,-1.36,-0.86,-0.17,-0.27,-0.64,-0.11,0.02,-0.02,-0.15,0.4,0.12,0.36,0.08,0.99,0.69,0.91,0.52,1.08,0.47,0.86,0.37,1.06,0.9,0.95,1.01,0.82,1.43,0.83,0.41,1.08,1.26,0.66,0.42,0.22,0.16,0.94,-5.83,-6.56,-6.69
-8.22,-7.17,-7.0,-6.8,-6.53,-6.25,-6.4,-6.72,-6.46,-3.93,-1.61,-0.1,-0.46,-0.15,-0.56,-0.68,-1.1,-0.23,-0.09,0.09,-0.21,0.09,0.05,0.38,0.08,-0.07,0.38,0.32,1.43,0.62,0.55,0.17,0.1,-0.03,0.83,1.33,1.18,1.18,1.03,1.31,1.32,1.17,0.43,0.44,0.25,0.21,0.09,0.41,0.78,0.78,-5.96,-6.97
-8.04,-8.14,-7.64,-7.52,-7.85,-6.62,-6.26,-6.07,-6.63,-2.55,-2.55,-0.54,-0.13,0.06,-0.02,0.13,-4.27,-1.91,-0.66,-0.39,-0.83,-0.93,-0.09,0.05,0.09,0.03,0.45,-0.34,0.18,0.01,-0.02,-0.13,-0.08,0.1,0.69,1.2,0.78,1.28,1.0,0.87,0.21,0.85,0.23,-0.11,-0.05,-0.13,0.12,0.86,0.78,-0.23,-0.43,-4.38
-6.79,-6.76,-7.62,-6.72,-6.81,-6.34,-6.81,-6.7,-7.06,-2.37,-3.24,-1.85,-0.45,0.75,0.23,-7.11,-1.0,-3.48,-3.78,-0.77,-1.45,-1.22,-0.03,0.02,-0.02,-0.31,-0.2,-0.06,-0.31,-0.13,-0.21,-0.17,-0.06,0.68,0.55,0.42,0.68,1.07,0.61,0.23,-0.19,0.1,-0.1,-0.1,-0.23,-0.23,-0.46,-0.35,-0.35,-0.12,-0.26,-0.41
-6.05,-6.41,-6.2,-7.26,-7.29,-6.99,-6.57,-6.19,-7.03,-3.89,-2.96,-3.24,-3.69,-4.44,-3.34,-0.88,-0.62,-0.4,-1.03,-0.44,-0.51,0.6,-0.53,-0.19,-0.25,-0.19,-0.83,-0.19,-0.22,-0.59,-0.2,0.24,-0.53,0.23,0.49,0.44,0.4,0.96,0.67,-0.09,0.04,0.47,0.05,-0.21,-0.88,-0.6,-0.27,-0.85,-0.6,-0.37,-0.33,-0.54
-5.77,-6.36,-6.43,-6.34,-7.38,-6.6,-6.57,-5.94,-0.86,-5.71,-3.67,-2.48,-3.33,-3.66,-4.35,-1.76,-2.23,-0.52,-0.47,-1.4,-0.56,-0.66,-0.01,-0.67,-1.31,-0.15,-0.02,0.06,-0.42,-0.89,-0.24,0.12,0.33,0.33,0.63,0.38,0.41,0.3,0.07,-0.34,-0.37,-0.18,-0.54,-0.54,-0.51,-0.6,-0.47,-0.91,-0.82,-0.68,-0.46,-0.47
-5.84,-6.82,-6.99,-6.41,-5.99,-6.18,-6.71,-6.15,-0.59,-0.78,-0.31,0.69,-6.25,-5.68,-4.47,-3.89,-0.82,-0.47,-0.48,-1.69,-1.15,0.25,0.18,-0.67,-0.28,0.18,0.21,0.28,0.42,-1.38,0.06,0.05,0.68,0.54,0.45,0.34,0.13,-0.24,-0.34,-0.78,-0.65,-0.95,-0.66,-1.12,-0.07,-0.37,-0.15,-0.32,-0.65,-1.01,-0.13,-0.56
-5.62,-5.56,-5.79,-6.69,-6.21,-6.6,-6.8,-6.27,-6.62,-1.32,-1.73,0.15,1.59,0.37,-5.34,-6.77,-5.55,0.17,-0.18,-1.96,-0.26,0.02,-0.1,0.23,-0.38,-0.36,0.05,0.14,-0.01,0.06,0.28,0.61,-0.19,0.42,-0.27,-0.36,-1.03,-0.77,-0.03,-0.59,-0.06,-0.07,-0.27,-0.09,-0.18,-0.46,-0.09,0.22,-0.23,-0.42,0.37,-0.56
-5.76,-5.83,-5.6,-5.23,-2.88,-1.44,-1.23,-0.69,-3.02,-6.94,-2.14,-1.54,-0.05,0.47,-0.15,-6.58,-5.51,-4.46,-3.7,-1.13,-0.51,0.27,0.08,0.98,-0.95,-0.64,0.06,-0.15,0.08,-0.21,-0.23,-0.21,-1.01,-2.36,-0.55,-0.55,-0.1,-0.42,1.39,-0.14,0.3,-0.76,-0.25,-0.31,-0.22,-0.15,-0.32,-0.07,-0.08,-0.34,-1.02,-1.06
-5.83,-5.77,-5.74,-5.69,-2.58,-1.24,-1.24,-0.46,0.3,2.46,-1.2,-1.51,0.03,-0.35,-0.68,-0.18,-4.03,-3.13,-1.42,-5.15,-0.63,-0.2,-0.71,-0.9,-0.62,-0.32,0.06,-0.54,-0.63,0.16,0.11,-0.57,-0.35,-0.92,-0.81,-0.43,0.37,-0.57,0.05,0.02,-0.23,-0.31,-0.29,-0.38,-0.79,-0.14,-0.43,-0.64,-0.38,-0.27,-0.62,-0.41
-5.78,-5.88,-6.05,-5.9,-5.49,-1.19,-1.05,-0.74,0.89,2.31,1.5,0.14,-0.37,-1.06,-3.81,-2.64,-0.26,-0.9,-1.46,-1.23,-0.31,-0.9,0.27,-1.25,0.15,-0.23,-0.12,-0.38,-0.04,-0.63,-0.27,-0.79,-0.88,-0.26,-0.31,-0.37,-0.91,0.04,0.72,-0.07,-0.45,-0.53,-0.31,-0.08,-0.15,-1.0,-0.62,-1.07,-1.16,-0.28,0.91,0.16
-5.83,-6.58,-6.53,-5.54,-5.45,-1.27,-1.24,-1.17,-5.74,-5.84,-4.49,0.9,0.34,-0.07,1.09,1.19,-0.48,-1.33,-1.74,-1.11,-0.43,-0.34,-0.24,-0.21,-0.32,-1.82,-0.08,-0.57,-0.9,-0.58,-1.16,-0.37,-0.51,0.16,-0.62,-1.67,-1.09,0.45,2.08,0.37,-0.38,-0.26,-0.25,-0.21,-0.31,-0.39,-1.2,-0.25,-0.89,0.16,0.68,0.92
-6.23,-5.92,-6.42,-6.07,-5.42,-2.12,-0.71,-1.51,-5.48,-5.34,-5.54,-1.57,-4.37,-3.66,-0.42,-0.94,-1.71,-3.14,-2.06,-1.51,-0.51,0.18,-0.57,-0.96,-0.42,0.31,-0.74,-0.39,-0.17,-1.03,0.48,0.31,-0.05,0.13,-0.98,-0.62,-0.45,0.0,0.0,0.16,0.13,-0.22,-0.01,-0.25,-0.21,-0.35,-0.13,-0.38,-0.02,0.31,0.49,0.88
-6.72,-6.43,-6.74,-6.01,-4.8,-5.26,-4.67,-4.7,-2.27,-1.12,-0.91,-0.78,-4.53,-2.65,-2.6,-2.39,-2.28,-2.47,-2.31,-1.8,-3.15,-1.38,0.13,-0.24,-0.92,-0.54,-0.23,0.22,-1.88,-1.18,0.02,0.0,0.06,-0.19,-0.04,-0.33,-0.1,-0.71,-0.83,-0.18,-0.37,-0.28,0.05,-0.76,-0.38,0.45,0.06,-0.12,0.06,-0.78,0.7,-1.22
-6.63,-6.39,-6.57,-5.75,-6.76,-6.27,-5.58,-4.28,-1.24,-1.25,-1.02,-0.79,-4.53,-2.59,-2.13,-1.3,-2.03,-1.73,0.36,0.52,-0.13,-2.47,-1.66,-1.15,-0.05,-1.2,-0.11,0.0,0.28,0.3,0.43,-0.97,-0.17,-0.69,0.17,-2.76,-0.3,-0.29,-0.87,-3.91,-4.28,-0.45,-0.05,-0.16,-1.74,-2.03,-7.56,-8.8,-0.31,-1.35,-1.12,-0.4
-6.97,-6.57,-6.28,-6.67,-6.57,-5.24,-5.69,-5.69,-4.62,-1.77,-1.72,-3.34,-1.55,-2.26,-1.34,-1.43,-2.89,-1.13,0.08,-0.21,0.07,-2.91,-1.44,-1.61,-0.69,-0.22,-0.33,1.14,0.09,-0.31,0.0,-0.32,-1.19,-0.86,0.09,0.17,-4.39,-1.45,-0.97,-4.3,-0.17,-0.34,-0.72,-1.56,-0.55,-0.97,-1.86,-0.41,-0.28,-1.51,-3.32,-2.6
-7.19,-6.84,-6.69,-6.67,-6.14,-6.47,-5.45,-1.55,-1.48,-1.7,-2.7,-3.91,-2.63,-2.65,-3.97,-4.08,-3.27,-1.0,-0.01,0.26,0.99,1.05,0.95,0.12,-1.24,-0.34,0.12,0.05,-0.78,0.11,-0.24,-0.8,-1.48,-0.75,-0.23,0.01,-0.42,-0.03,-0.39,-0.07,-1.79,-0.14,-3.29,-4.22,-2.24,0.02,-0.71,-0.26,-0.71,1.37,-6.52,-5.04
-7.23,-6.76,-6.49,-6.29,-5.99,-5.87,-5.51,-3.95,-2.55,-2.28,-1.59,-1.59,-0.11,-3.35,-3.62,-4.0,-2.44,-2.72,-2.61,1.04,2.01,1.08,-0.91,-2.04,-2.3,-0.9,-0.54,-0.7,-0.68,-0.85,-0.73,-1.53,-0.64,-0.66,1.08,-0.32,-7.15,-2.9,-1.95,-0.14,-0.35,-1.35,-0.84,-1.09,-0.2,0.14,-11.43,-7.68,-0.49,0.45,-8.9,-4.86
-5.97,-6.8,-7.45,-6.18,-6.05,-5.56,-4.14,-3.2,-2.92,-1.8,-1.86,-2.22,-2.59,-3.33,-2.27,-1.06,-1.13,-2.5,-2.53,-1.64,-0.98,0.4,-3.1,-2.92,-2.6,-0.19,-0.25,0.07,-0.8,-0.14,-0.63,-1.27,0.17,-0.28,1.53,-0.46,-0.2,0.6,-0.04,-0.21,-0.95,-0.82,-0.8,-1.19,-0.73,0.1,-0.84,0.09,0.97,-6.53,-9.05,-4.81
-7.26,-7.06,-6.95,-6.31,-6.23,-3.09,-3.67,-2.71,-2.46,-2.05,-3.42,-4.03,-3.45,-3.37,-1.54,-0.34,-1.1,-1.66,5.5,-2.61,-1.66,-1.95,-3.87,-3.0,-2.74,-1.05,-1.07,-0.56,-0.33,0.17,0.19,0.49,1.51,-1.5,0.28,-0.11,-0.8,-1.32,-0.22,0.39,-0.76,-1.1,-1.06,-0.47,0.24,-0.35,-0.67,0.22,1.61,0.18,-6.89,-6.1
-7.35,-7.0,-6.88,-6.66,-4.41,-3.37,-3.53,-2.58,-0.81,-0.99,-2.54,-4.31,-0.77,-0.0,-0.68,-1.0,-1.02,-1.15,-2.48,-2.49,-1.89,-1.72,-5.1,-3.53,-3.82,-0.63,-0.63,0.18,0.19,-1.28,-0.74,-0.0,0.93,0.16,0.04,-0.38,-1.16,-0.43,-0.06,-0.26,-0.24,-0.95,-0.58,0.06,0.31,-0.24,-0.15,-0.07,0.66,1.31,-7.49,-5.13
-7.9,-7.13,-7.81,-6.84,-6.61,-3.89,-3.68,-2.96,-0.41,0.52,0.04,-0.02,1.49,-0.42,-0.47,-0.08,-1.51,-2.41,-2.59,-2.66,-1.98,-1.69,-3.51,-4.6,-0.38,-3.86,-0.67,-0.22,0.77,0.35,-0.77,-0.37,-0.55,-0.09,-0.34,-0.86,-1.26,-0.35,-0.79,0.44,0.93,-1.63,-1.95,-4.68,-3.67,0.4,-0.16,-0.87,-0.37,0.18,-0.38,-3.79
-7.88,-7.82,-7.65,-7.7,-7.24,-0.64,-2.1,-2.29,-0.41,0.9,0.13,-0.83,-0.69,-1.93,-1.25,-0.42,-0.87,-2.44,-2.62,-3.37,-3.48,-4.58,-4.03,-0.68,-3.2,-1.97,-1.12,-0.55,0.29,-0.27,-0.28,-0.58,-0.81,-0.49,-0.21,-6.95,-1.31,-0.54,-0.72,-0.35,0.62,-1.02,-1.4,-12.22,-8.05,-6.71,0.49,-0.39,-0.55,0.01,1.39,-4.07
-8.18,-8.56,-8.1,-7.39,0.12,0.23,-0.4,-2.95,-1.3,0.42,-1.99,-1.94,-1.43,-1.59,-1.2,-0.63,-0.33,-0.63,-1.39,-3.39,-3.75,-2.21,-2.72,-2.55,-2.55,-1.34,-0.81,-0.93,-1.05,-4.1,-0.84,-0.83,-1.0,-0.64,0.07,-0.17,-0.69,-0.85,-1.95,0.07,0.63,0.29,-0.54,-11.75,-11.4,-7.4,-6.88,-0.09,-4.89,0.12,0.82,-4.3
-8.14,-7.87,-7.71,-7.33,0.2,-0.19,-0.86,-1.35,-1.43,0.41,-0.37,-1.43,-1.9,-1.2,-1.09,-0.4,-0.61,-1.04,-2.11,-2.58,-2.37,-1.81,-2.45,-0.97,-3.66,-0.57,-0.8,-0.96,-1.08,-2.23,-1.93,-1.37,-1.38,-1.49,-1.02,0.78,1.28,0.96,0.41,-0.05,-0.4,-1.13,-4.53,-9.46,-7.03,-7.01,-6.21,-6.05,-2.38,-0.01,-7.05,-5.36
-8.51,-8.11,-7.52,-7.45,-7.01,-1.35,-1.43,-1.63,-1.39,-2.36,-0.93,-1.08,-1.7,-1.93,0.1,0.36,-0.26,-1.4,-1.64,-1.38,-0.92,-0.62,-0.47,-0.82,-1.12,-5.17,-4.05,-6.27,-1.53,-6.01,-1.44,-0.92,-0.95,-0.6,-0.55,1.81,-0.17,1.43,1.13,-1.72,-2.02,-0.98,-7.3,-8.53,-9.72,-7.93,-6.12,-6.43,-6.78,-6.76,-6.63,-5.29
-8.37,-8.01,-8.06,-7.47,-7.39,-2.7,-2.15,-1.85,-1.6,-0.82,-0.69,-1.5,-1.4,-2.23,-0.61,0.47,-0.15,-1.62,-1.58,-0.8,-0.78,-0.44,-0.17,-0.49,-1.89,-3.92,-1.31,-6.77,-2.17,-7.56,0.23,-0.25,-0.7,-1.42,-0.42,0.26,-0.2,-2.48,0.27,-0.94,-1.17,-5.11,-7.83,-8.99,-8.6,-9.27,-7.33,-7.38,-6.83,-6.57,-6.52,-5.35
-8.36,-8.76,-8.18,-7.98,-7.83,-7.58,-7.44,-7.23,-0.15,-0.62,-0.98,-1.17,-1.51,-1.91,-1.77,-0.62,-7.32,-2.12,-0.51,-0.12,-0.74,-0.08,-0.25,-1.25,-1.47,-1.49,-0.84,-1.55,-8.73,-2.99,-4.02,-1.51,-1.72,-1.14,-0.5,-0.04,-3.7,-1.41,-0.51,-0.89,-1.22,-7.74,-9.18,-8.06,-11.21,-9.13,-9.59,-6.82,-7.47,-6.82,-6.58,-5.59
-9.17,-8.88,-8.2,-8.3,-7.84,-8.24,-7.97,-7.39,-0.45,-0.49,-0.97,-1.69,-2.21,-2.15,-2.14,-6.08,-8.05,-7.8,-0.19,-0.14,-0.33,-0.18,-0.26,-1.18,-1.6,-1.45,-0.97,-0.99,-1.13,-1.64,-3.42,-2.95,-6.18,-2.02,-1.04,-0.17,-0.59,-0.47,-0.33,-0.9,-1.18,-5.27,-9.87,-7.51,-10.48,-9.79,-9.6,-8.93,-6.62,-6.55,-6.78,-5.45
-8.86,-8.66,-8.1,-8.58,-8.24,-7.86,-8.44,-7.85,-0.75,-1.02,-2.26,-3.26,-2.67,-2.5,-2.35,-8.31,-8.42,-8.38,-1.05,-0.51,-0.47,-0.21,-0.16,-1.15,-2.11,-1.77,-1.42,-1.09,-0.93,-0.64,-1.56,-3.89,-3.47,-1.73,-2.38,-0.93,-1.85,-0.34,-0.09,-0.72,-0.95,-3.26,-0.17,-6.49,-8.46,-7.2,-9.15,-8.56,-7.28,-6.85,-6.62,-5.33
-8.89,-8.98,-8.62,-8.83,-8.83,-8.76,-8.83,-8.28,-7.32,-2.4,-3.75,-4.12,-4.15,-7.29,-4.5,-8.35,-8.25,-8.64,-8.58,-8.58,-8.72,-7.83,-7.98,-8.37,-3.19,-2.47,-0.84,-1.28,-0.46,-0.78,-4.67,-6.67,-3.1,-3.2,-4.7,-3.97,-0.16,-0.81,-8.71,-9.33,-7.86,0.2,-3.08,0.18,-7.65,-7.69,-9.57,-8.75,-7.93,-6.29,-6.83,-5.45
-1.25,-0.24,-2.13,-0.39,-0.22,-1.21,-1.22,-2.59,-2.88,0.01,1.86,-2.28,-0.66,-0.56,-2.69,-1.34,-0.55,-0.32,-0.87,-1.16,-2.8,-3.08,-2.69,-3.37,-2.74,5.82,4.52,4.35,0.23,0.97,0.34,-4.0,-3.61,-1.83,-4.28,-7.24,-3.71,-0.56,-3.68,-3.83,1.74,7.64,5.43,12.47,3.32,-1.27,-1.21,-1.73,-2.5,-0.91,-3.52,2.84
-0.13,0.35,0.39,0.8,0.09,-0.67,-0.34,-1.03,-1.54,-0.93,0.8,0.52,-1.2,-1.86,-1.5,-0.53,0.09,0.03,0.29,0.31,-0.97,-2.19,-1.43,-0.88,-1.17,-2.71,-0.79,-2.06,-1.01,-0.34,0.63,-2.97,-3.87,-1.11,-6.38,-5.7,-0.68,-1.85,-5.7,-2.37,0.86,6.87,12.76,-1.45,-2.52,-1.9,-1.63,-2.58,-0.87,-0.84,-3.04,-0.84
