js/windd-china.js
{"header": { "discipline": 0, "disciplineName": "Meteorological products", "gribEdition": 2, "gribLength": 133963, "center": 7, "centerName": "US National Weather Service - NCEP(WMC)", "subcenter": 0, "refTime": "2014-11-30T06:00:00.000Z", "significanceOfRT": 1, "significanceOfRTName": "Start of forecast", "productStatus": 0, "productStatusName": "Operational products", "productType": 1, "productTypeName": "Forecast products", "productDefinitionTemplate": 0, "productDefinitionTemplateName": "Analysis/forecast at horizontal level/layer at a point in time", "parameterCategory": 2, "parameterCategoryName": "Momentum", "parameterNumber": 3, "parameterNumberName": "V-component_of_wind", "parameterUnit": "m.s-1", "genProcessType": 2, "genProcessTypeName": "Forecast", "forecastTime": 6, "surface1Type": 100, "surface1TypeName": "Isobaric surface", "surface1Value": 85000, "surface2Type": 255, "surface2TypeName": "Missing", "surface2Value": 0, "gridDefinitionTemplate": 0, "gridDefinitionTemplateName": "Latitude_Longitude", "numberPoints": 65160, "shape": 6, "shapeName": "Earth spherical with radius of 6,371,229.0 m", "gridUnits": "degrees", "resolution": 48, "winds": "true", "scanMode": 0, "nx": 301, "ny": 201, "basicAngle": 0, "subDivisions": 0, "lo1": 70.0, "la1": 65.0, "lo2": 359, "la2": -90, "dx": 0.25, "dy": 0.25 }, "data":
[rows 0 to 25 of 201, columns 116 to 173 of 301]
-2.3257062,-2.507003,-3.0237415,-3.4104898,-2.6701534,-1.4595603,-0.4041569,-0.80050904,-2.0475817,-1.9640557,-1.9989514,-1.0331503,-1.1090407,-1.0173879,-0.170994,0.30113617,-0.6861076,-1.6099243,-2.1988058,-2.7012322,-2.72269,-2.5926194,-2.313187,-1.5540576,0.4048498,0.27382424,-1.4546876,-2.253716,-2.5193372,-2.7845159,-2.6029053,-2.370767,-2.285346,-2.819619,-2.9833753,-2.9797685,-2.815334,-2.6699772,-2.4950356,-2.3795598,-2.1126835,-1.7287389,-1.5551142,-1.4262912,-1.4363817,-1.84919,-2.8667774,-3.0914516,-3.3515327,-3.19709,-2.65573,-2.3478222,-2.4171119,-2.6826634,-2.7623065,-2.9141927,-3.2199402,-3.2792282
-1.5004753,-1.1466235,-1.350304,-1.4189073,-0.84230113,-0.2695181,-0.24976291,-0.336364,0.018610457,0.5379523,0.46219295,-0.08505723,-0.55533063,-0.668108,-0.85670817,-1.0819937,-1.397675,-1.2346632,-0.66136026,-0.55556846,-0.6291733,-0.55723333,-0.38633415,-0.6858351,-1.687488,-2.4689126,-2.368113,-2.3747785,-2.9376101,-3.2545698,-2.9505138,-2.376149,-1.9323872,-1.675239,-1.7515846,-1.6101016,-1.6389664,-1.9740283,-2.3236384,-2.7066998,-2.8926885,-2.5590909,-2.3688676,-2.4022753,-2.2300322,-1.9031411,-1.9933238,-2.5788288,-3.1724515,-2.997649,-2.6051188,-2.3890002,-2.3743975,-2.506463,-2.5842354,-2.4846623,-2.1809046,-2.137947
-0.6021394,-0.47583422,0.17998634,-0.020771872,0.9551181,0.86659396,0.2049091,-0.77117896,-1.0506291,-1.2741294,-1.2754573,-1.0453192,-1.2711655,-1.1138725,-0.7468691,-1.713482,-3.17871,-3.5494955,-3.7876694,-3.5778015,-2.9662485,-2.4871845,-2.7053692,-2.5532396,-1.7720019,-1.2666237,-1.7810501,-2.4357245,-2.7454956,-2.96332,-3.328835,-3.4188914,-2.8632858,-2.3497105,-2.3405461,-2.5387928,-2.7416003,-3.0244424,-3.2640007,-3.1405506,-2.8011842,-2.4978886,-2.275825,-2.3486285,-2.4304526,-2.2377594,-2.0074296,-1.9919524,-2.0169377,-2.4160664,-2.7703707,-3.0190067,-2.8604467,-2.6994522,-2.566542,-2.368903,-2.4269674,-2.6230626
-1.563624,-1.5329248,-1.3293531,-0.98097384,-0.07360632,0.7480002,-0.66038716,-1.6413509,-1.466784,-1.2204889,-1.0373186,-1.4219021,-1.8380393,-2.5210967,-2.703035,-2.4548573,-1.9202567,-1.6536007,-1.4771054,-1.4102308,-1.9461156,-2.9333735,-3.1102653,-2.2303543,-1.6752776,-2.1388986,-2.8671508,-2.840484,-2.7375638,-2.3946617,-1.7411257,-1.528909,-2.5134003,-3.7668583,-4.0353208,-3.9529686,-3.8884778,-3.5907385,-3.1582341,-2.736846,-2.6211648,-2.5495222,-2.4528897,-2.2538936,-1.9557651,-1.6895332,-1.7665086,-2.0763314,-2.1855838,-2.0530128,-1.9249406,-2.2618644,-2.607455,-2.743059,-2.7091498,-2.6194427,-2.5776823,-2.547616
-0.5563492,-0.33125132,0.1838193,0.0645194,-0.18440583,-0.20286112,-0.23094018,0.12255545,0.5795349,0.7989703,0.36779404,-0.5575243,-1.2679332,-1.1365235,-0.88420814,-0.28368497,-0.2156965,-0.88841283,-1.3111479,-1.4365283,-1.4243203,-0.8666456,-0.51941913,-1.0408901,-1.7341447,-1.7331983,-1.1507823,-0.73612267,-0.69529885,-0.8905627,-1.2961538,-1.632929,-1.3794333,-0.64468724,-0.27840012,-0.5180915,-1.0663186,-1.5202657,-1.8108317,-1.9967892,-1.9748238,-2.045538,-1.9061548,-1.7574424,-2.0955634,-2.4524791,-2.4783695,-2.3933046,-2.3377688,-2.3964727,-2.510223,-2.4103432,-2.4622207,-2.6766632,-2.8222086,-2.7156813,-2.3255954,-2.1976602
-0.9584697,-0.72652304,-1.1458398,-1.1490115,0.927275,1.0727925,1.0975313,0.18673773,-0.3012071,-0.3333411,-0.4080827,-0.66804343,-0.8775029,-1.0371361,-1.3383721,-1.5224186,-1.3512263,-0.99711573,-1.2406752,-1.79485,-1.8553662,-1.7078735,-2.1289759,-2.3890386,-1.3009516,0.15587763,0.47112426,-0.11761717,-1.1355045,-1.7088616,-1.5502926,-1.335527,-1.1883713,-0.84678483,-0.75175416,-0.888217,-1.176606,-1.7433751,-2.2190173,-2.2191346,-1.8546108,-1.3727199,-1.3956295,-1.6257652,-1.7738625,-1.7934746,-1.6653332,-1.6894999,-1.8891672,-2.088587,-2.2697484,-2.3464608,-2.2501373,-2.2348793,-2.2458715,-2.224747,-2.058452,-1.9994514
-0.22252189,-1.2596766,-1.6509446,-1.1717293,0.44187322,1.2654835,1.4143635,1.2581547,1.7395542,1.4490169,0.034608692,-1.5451767,-2.326815,-2.3477705,-1.9721286,-1.4535798,-1.251339,-1.5903901,-1.4343934,-0.88744885,-1.1232817,-1.6158569,-1.598352,-0.7684992,0.21576124,-0.3210132,-1.5682998,-2.0493617,-1.0347545,-0.0057808,0.047956385,-0.46318427,-0.8047694,-1.2371827,-1.2779498,-0.9333645,-1.062263,-1.5170398,-1.5900993,-1.3926406,-1.1699873,-1.0146925,-1.0160376,-0.92654437,-0.7056511,-1.0995078,-1.4876097,-1.4194796,-1.3013206,-1.3021754,-1.1130785,-0.6877288,-0.5195927,-0.656436,-0.76750565,-0.8955008,-1.2438811,-1.6022857
0.6818383,0.7553482,0.18651113,-0.7653011,0.072126016,0.76950294,-0.7931711,-2.553924,-3.1041708,-3.020013,-2.5994322,-1.8454772,-1.4389336,-1.434331,-1.4831316,-0.6125841,0.30323964,-0.47200498,-1.5105227,-1.6183903,-1.359636,-0.61187774,-0.44867212,-1.1457368,-1.4957045,-1.5159138,-1.1975121,-0.62000865,-0.15038864,-0.080004476,-0.40457976,-0.27052858,-0.025003565,-0.32079163,-0.40847498,-0.736352,-1.1432,-0.56897056,-0.27051118,-0.7583192,-1.2066039,-1.3857752,-1.3009536,-1.1193087,-1.2281085,-1.449019,-1.4749811,-1.3218305,-1.2899549,-0.9589553,-0.5949768,-0.8769465,-1.2694409,-1.1082045,-0.9477503,-0.94709677,-0.85594374,-0.529969
1.0210198,0.76833266,-0.27268937,-0.3880907,-1.4969997,-1.853443,-1.3279321,-1.0956607,-1.2977754,-0.77409315,0.024881557,1.0161669,0.85574687,0.3408693,-0.28459316,-1.908522,-2.1938238,-1.2176505,-0.47598597,-0.73577416,-1.1050674,-0.63310623,-0.032327514,0.1868186,0.06718589,-0.52446586,-1.1528248,-1.3133551,-1.0537213,-0.6856401,-0.5518063,-0.33264366,-0.0043493854,0.145627,-0.12759988,-0.7957149,-1.1344484,-1.1631023,-1.1865987,-0.8963952,-0.7474886,-0.8074175,-0.73565996,-0.918501,-1.1171112,-1.2622378,-1.2080234,-1.1382891,-1.348588,-1.5046095,-0.98332065,-0.41738126,-0.14719108,0.054260798,0.14272544,0.28198934,0.22769462,0.21107836
-0.5920511,-0.3230374,-0.01964164,-0.110331304,-0.5397895,-0.9270393,-0.9324875,-0.6041525,-0.08310555,0.1626915,-0.34855375,-0.61195236,-0.47079942,-0.44140264,-0.16262324,0.28715664,0.723016,1.0413374,0.6311031,0.2993302,0.88409764,0.67211306,-0.425208,-1.2211697,-1.5884432,-1.5736926,-1.367753,-1.1753068,-0.9618796,-0.71641123,-0.41378403,-0.27708635,-0.5982911,-1.2078098,-1.6809717,-1.6399081,-1.2401166,-1.0184804,-1.0951045,-1.2831278,-1.2725734,-1.0003519,-0.73022646,-0.62416947,-0.7200641,-0.89949393,-0.8808929,-0.97358394,-0.83793795,-0.19379975,0.22886536,-0.040354367,-0.32801428,-0.16825563,-0.083403565,0.019389221,0.32195073,0.44167107
1.0765609,0.7953671,-0.45553732,-1.0806074,0.03636849,0.448283,-0.31362897,-0.27757525,0.3286254,0.025526596,-0.5885771,-0.74534845,-0.87561953,-0.756946,-0.14572994,0.2542667,0.75350547,0.9339343,0.5111792,-0.371901,-1.065851,-1.334137,-1.5525324,-1.8793942,-1.7666246,-1.5948638,-1.6648713,-0.78950685,0.14951761,-0.030540273,-0.8310525,-1.4744148,-1.6439458,-1.3487822,-1.0609745,-0.8320445,-0.74646974,-0.85466105,-0.85142547,-0.97733617,-1.1673743,-1.2221168,-1.0757477,-0.9136155,-1.0636489,-0.9882661,-0.61033255,-0.39729363,-0.12824579,0.105000265,0.038704798,-0.011251421,0.08791096,0.018503817,-0.028069878,0.27047205,0.13984749,-0.40724912
-0.16020983,-0.7884233,-0.682711,-0.016294198,-0.11827684,-0.3932295,0.13816458,0.89678663,1.1468862,1.0626804,0.80131596,0.35733587,-0.00888296,-0.24035558,-0.45077047,-0.48798752,-0.11562847,0.41515815,0.475399,0.12178743,-0.43444178,-1.1778162,-1.5803288,-1.283549,-0.90139383,-0.7379569,-0.21421811,0.285935,-0.37955156,-1.5008779,-1.733768,-1.5051304,-1.5496943,-1.5623354,-1.2650187,-0.9437169,-0.5439322,0.028197417,0.16613352,-0.3387714,-0.73522043,-0.80407804,-0.77096105,-0.64617527,-0.5036364,-0.2540937,-0.07295834,-0.15724337,0.019707793,0.58422273,0.9123052,0.42448825,-0.1355596,-0.3965718,-0.62495553,-0.8498632,-1.156567,-1.0899123
-0.48439232,-0.53818905,-0.5762215,-0.876501,-0.72859085,-0.2340244,0.12848479,0.33940318,0.0141218295,-0.68578917,-1.3928705,-1.5906353,-1.0426209,-0.5718533,-0.61818266,-0.81814814,-0.7507176,-0.76424414,-0.9386707,-1.103697,-1.3437833,-1.5107092,-1.5513543,-1.3832184,-1.062634,-0.8339525,-0.69331867,-0.86186564,-1.1545881,-1.2340288,-1.3197697,-1.3252876,-1.1161486,-0.8585498,-0.71600306,-0.69467884,-0.37426728,-0.20961009,-0.46214807,-0.62517685,-0.5509396,-0.6076539,-0.6078821,-0.23683672,0.0824665,0.10026065,0.04725173,0.018871088,0.045972973,0.053325217,-0.1775494,-0.54054624,-0.82798815,-1.0201184,-0.9074747,-0.4257867,-0.10284498,0.048440184
0.10986781,0.16255556,-0.1500232,0.033333756,-0.1252893,-0.5703033,-0.43358636,-0.24247645,-0.33615726,-0.39990535,-0.42400488,-0.046986997,0.48005262,0.5165577,0.26455382,0.036055945,-0.25133437,-0.7215902,-1.1057473,-1.2364312,-1.2777768,-1.1409729,-0.84242964,-0.69072914,-0.6846773,-0.4630972,-0.22319138,-0.6504742,-1.0758729,-0.9197651,-0.79452103,-0.87147164,-0.8588947,-0.6080251,-0.40676558,-0.35174933,0.14289054,0.39312336,-0.039044797,-0.4259197,-0.42302164,-0.22454505,0.18886356,0.39027905,0.08805971,-0.10618607,-0.033050906,-0.12155971,-0.30186707,-0.30117065,-0.44351715,-0.62270546,-0.4669194,-0.060713112,0.10764981,0.21495633,0.35661438,0.33617043
0.11047374,-0.21539558,-0.33554816,-0.39094314,-0.31012395,0.010569875,-0.03580865,-0.35084987,-0.11557535,0.17727947,0.08301216,-0.07049864,-0.26397273,-0.6076902,-0.76537365,-0.8072767,-0.8581796,-0.7945961,-0.72641295,-0.88759804,-1.0012732,-0.8616077,-0.72142005,-0.64954686,-0.71489877,-0.95932496,-1.1656,-1.099945,-0.8485233,-0.6548703,-0.52319944,-0.36039162,-0.25223053,-0.16155306,-0.0075097014,0.09435356,0.21700123,0.12752533,-0.24524032,-0.16761173,0.18025959,0.26058048,0.3183818,0.26462296,0.095778316,0.10837663,-0.02526519,-0.16500816,-0.101269536,-0.2056643,-0.35297278,-0.2791789,-0.023186974,0.26358682,0.35668573,0.21504077,-0.07400104,-0.44536692
-0.33997142,-0.44582587,-0.20113274,0.17003791,0.19341852,-0.27105415,-0.4585335,-0.32729244,-0.31554556,-0.5175911,-0.64672184,-0.58439684,-0.7813613,-1.0645759,-1.2262774,-1.1380359,-0.8639356,-0.9310445,-1.130877,-1.1024191,-1.1404066,-1.2302084,-1.1116079,-0.88301307,-0.9083639,-0.8796388,-0.65594727,-0.62275314,-0.58506775,-0.4567191,-0.4811521,-0.58089197,-0.43637303,-0.21856432,-0.24579908,-0.28443158,0.014811907,0.16153884,-0.10994206,0.049818054,0.38019642,0.21780846,0.093534075,0.21388805,0.35735637,0.22185452,-0.10329506,-0.05692418,-0.042503774,-0.09320666,-0.095035695,0.059645135,0.32716298,0.35940084,0.25262335,0.04393593,-0.45806354,-0.8818673
-0.5534441,-0.55064785,-0.5715106,-0.8507165,-1.0515081,-0.9302335,-0.50846696,-0.314667,-0.38623667,-0.6640339,-0.9847867,-1.2196447,-1.4345988,-1.3609501,-0.96012735,-0.32663557,-0.18135351,-0.5839152,-0.8667492,-1.0870056,-1.0574175,-0.80254453,-0.82832783,-0.92878294,-0.8434265,-0.51574975,-0.36978242,-0.5148725,-0.38777357,-0.36506897,-0.54604846,-0.47459978,-0.2851405,-0.08376537,0.0638746,0.1617601,0.33744502,0.17440866,-0.0073941792,0.14893822,0.110299736,-0.09461538,0.07464007,0.40110788,0.5063838,0.30482647,-0.07816644,-0.54904175,-0.9266042,-0.859413,-0.7029559,-0.774384,-0.8493489,-0.8863364,-0.9274323,-0.96156365,-0.73195213,-0.30692714
-1.4527155,-1.4203541,-1.4964062,-1.3820558,-1.1527803,-0.778787,-0.6352416,-0.9861606,-1.1859483,-1.0824038,-0.92763937,-1.1276962,-0.98350465,-0.6829907,-0.6091309,-0.90631324,-1.2079306,-1.2760181,-1.221377,-1.1329263,-1.1227665,-1.2309277,-1.1800655,-1.0129989,-0.864725,-0.8134685,-0.736595,-0.40381682,-0.32578403,-0.47512525,-0.32947633,-0.20791319,-0.18945643,-0.11469556,-0.22687252,-0.2145388,0.14858665,0.31996173,0.044001535,-0.29660997,-0.104540095,0.04327463,0.008483682,0.15935877,-0.24825114,-0.7986482,-0.9378258,-0.70504874,-0.6778523,-1.1704016,-1.2487708,-1.0777109,-0.6464373,0.1271119,-0.008836301,-0.7047709,-0.5499719,0.103421055
-1.1232561,-1.5257639,-1.347189,-1.5413268,-1.3709413,-1.2352754,-1.3351456,-1.323602,-1.4037225,-1.5843132,-1.6381308,-0.96336704,-1.0396179,-1.0694467,-0.92715245,-0.6880285,-0.8016273,-0.7261772,-0.65646243,-0.69480354,-0.8063584,-0.7588583,-0.5068214,-0.6207054,-0.64331,-0.39624673,-0.2938808,-0.53768736,-0.5591469,-0.002030045,0.15907922,-0.078744166,0.0035936292,-0.05343915,-0.3132777,-0.25335282,0.058520645,-0.08651362,-0.21419202,0.19347404,0.16075993,-0.16112125,0.05403145,-0.035637807,-0.73139983,-1.1623693,-1.4068534,-1.2950493,-0.97662264,-0.56171715,-0.04902418,0.07833618,0.34235245,-0.07664285,-0.5168549,0.6398488,1.0846579,0.73604393
-0.41440853,-0.9999586,-1.0187258,-0.972147,-0.9735192,-0.8116857,-1.0987186,-1.1705289,-1.1353323,-0.8413673,-0.68941987,-0.54780716,-0.5852571,-0.8611156,-0.78296036,-0.817399,-0.78996664,-0.4906892,-0.33216152,-0.39912492,-0.44212815,-0.44199127,-0.69750935,-0.749142,-0.44552323,-0.31764618,-0.3132971,-0.15008707,0.0144543545,0.023945257,-0.21724986,-0.15045474,0.13995278,-0.06074714,-0.43205434,-0.32022068,-0.11289222,0.024075141,0.14441302,-0.10373681,-0.42829064,-0.3446545,-0.43208617,-0.8655845,-1.0813556,-0.7099911,-0.07110622,0.051662832,-0.35343593,-0.38316283,-0.05501198,-0.061177358,-0.24486269,0.007924954,0.66879684,0.4791793,0.15673299,0.8765051
-1.3372353,-1.1802138,-1.5195383,-1.9671854,-1.5997202,-1.5405885,-1.7415315,-1.481422,-1.4432058,-0.9987014,-0.87939525,-0.9312444,-0.76725495,-0.96035016,-1.1184924,-1.016228,-0.886908,-0.75626117,-0.77856576,-0.82563066,-0.62376195,-0.5110026,-0.5594172,-0.5785224,-0.60328573,-0.39946073,-0.06313353,0.019792184,-0.038426593,-0.20361249,-0.11274713,0.350193,0.055206142,-0.68431747,-0.73465466,-0.08124509,0.088148326,-0.29534024,-0.5925879,-0.6515717,-0.5371732,-0.25330198,-0.39473873,-0.81450343,-0.68233,-0.2940409,-0.4417797,-0.5997656,-0.32737502,-0.29775852,-0.66495264,-0.691409,-0.33646065,0.12276825,0.32481644,0.39503828,0.5712433,0.75941175
-1.514068,-1.5584048,-2.0070813,-2.280135,-2.040911,-2.263411,-2.1071806,-1.9036739,-1.7869499,-1.7291616,-1.6466767,-1.6639872,-1.594547,-1.40235,-0.9345882,-0.83247876,-0.88570976,-0.9507353,-1.0116383,-0.75057113,-0.8316612,-0.87726766,-0.6933351,-0.36511523,-0.22167075,-0.09442192,0.19960767,0.40152326,0.1259858,-0.19524673,-0.7926531,-1.4686445,-1.4693578,-0.6251552,-0.15640093,-0.42508703,-0.334292,-0.18434866,-0.51217437,-0.6757224,-0.60901105,-0.563901,-0.7610596,-0.86011785,-0.7440865,-0.7833903,-0.62405646,-0.57003576,-0.7833017,-0.67675185,-0.2924287,0.040808797,0.43110025,0.48600724,0.15425049,0.40157494,0.8892646,1.5451205
-2.1433134,-2.1179097,-2.176368,-2.0617025,-2.1095848,-2.046705,-1.8914576,-1.9088647,-1.9278015,-1.9146118,-2.0876245,-2.2754874,-2.1064491,-1.9380275,-1.8561057,-1.741248,-1.3728161,-1.0817689,-1.0485095,-1.0822525,-1.4220939,-1.2142023,-1.0133533,-0.7664868,-0.6114633,-0.39562076,-0.52732605,-1.001283,-1.698116,-2.0514457,-1.2345009,-0.4129463,-0.3741183,-0.9554502,-1.297617,-0.96307534,-0.8714332,-1.2521721,-0.96674395,-0.95852405,-1.3328155,-1.2590438,-0.94010186,-0.6477082,-0.5214796,-0.3467909,-0.50812614,-0.60118604,-0.22120455,-0.13038047,-0.29959345,0.061238363,0.49806514,0.29158145,0.21671742,0.7430049,1.366497,1.6689832
-2.2172413,-2.0734923,-1.9241555,-2.0513282,-2.0702958,-2.0037892,-1.7289474,-1.6690154,-1.7090211,-1.8641436,-1.9358178,-1.8941474,-1.8991268,-1.9513994,-2.0319626,-1.9316332,-1.7316928,-1.613721,-1.5543519,-1.823289,-1.8487037,-1.3868041,-1.400452,-1.1067225,-1.0699744,-1.051147,-1.0917943,-1.288742,-1.275063,-0.8742214,-0.8318677,-1.3148075,-1.4683492,-1.0645864,-0.9230954,-1.1001039,-1.1336316,-1.1508604,-1.3478309,-1.5269411,-1.3007299,-1.0599077,-0.85191023,-0.7140603,-0.6773277,-0.61572146,-0.5623263,-0.3979848,-0.85729426,-1.0209379,-0.39028627,0.08827734,-0.030958818,0.04451661,0.6701069,0.76188475,0.9143415,1.2385249
-1.6870627,-1.7630992,-1.7911774,-2.1329525,-2.312403,-2.3041189,-2.3817067,-2.4252717,-2.206497,-2.0389888,-1.9885892,-1.9850405,-1.8854262,-1.8743151,-2.1253867,-2.3161037,-2.2074316,-2.1437063,-2.0457513,-1.9580657,-2.0233502,-2.038875,-1.6365609,-1.3108573,-1.8037487,-1.7837069,-1.8541434,-2.0819705,-1.7645503,-1.4720992,-1.5656334,-1.6179308,-1.4627205,-1.454559,-1.3740461,-1.2148446,-0.98519224,-1.0490105,-1.1779032,-1.0550854,-0.85455966,-0.73436016,-0.9264702,-1.1391253,-1.2197587,-1.306103,-1.2103271,-0.95744455,-0.55497247,-0.20488498,-0.21463159,-0.3817203,-0.44352987,-0.11637165,-0.022902954,0.10070839,0.20736043,-0.09677099
-1.5877202,-1.6076442,-1.4226797,-1.4694979,-1.6742997,-1.9509567,-2.0215075,-2.2337644,-1.9692992,-2.0146306,-1.5986961,-1.5470136,-1.6505885,-2.1550639,-2.2828295,-2.2957344,-1.8377489,-2.0595608,-1.4682996,-1.577041,-1.5447013,-1.4834107,-1.5824795,-1.6174212,-1.4684318,-1.710406,-1.7379955,-1.5741483,-1.4512905,-1.5274706,-1.4964297,-1.4059802,-1.3106763,-1.3474317,-1.2440212,-1.456159,-1.5560397,-1.4044997,-1.2485081,-1.3307296,-1.5209769,-1.5953841,-1.548387,-1.3082594,-0.96314853,-0.78231925,-0.85300887,-0.8700721,-0.8847902,-0.8344451,-1.0510594,-0.8800615,-0.6248118,-0.41630203,-0.52021885,-0.58606696,-0.3919019,-0.21367526
