js/windd-china.js
{"header": { "discipline": 0, "disciplineName": "Meteorological products", "gribEdition": 2, "gribLength": 133963, "center": 7, "centerName": "US National Weather Service - NCEP(WMC)", "subcenter": 0, "refTime": "2014-11-30T06:00:00.000Z", "significanceOfRT": 1, "significanceOfRTName": "Start of forecast", "productStatus": 0, "productStatusName": "Operational products", "productType": 1, "productTypeName": "Forecast products", "productDefinitionTemplate": 0, "productDefinitionTemplateName": "Analysis/forecast at horizontal level/layer at a point in time", "parameterCategory": 2, "parameterCategoryName": "Momentum", "parameterNumber": 2, "parameterNumberName": "U-component_of_wind", "parameterUnit": "m.s-1", "genProcessType": 2, "genProcessTypeName": "Forecast", "forecastTime": 6, "surface1Type": 100, "surface1TypeName": "Isobaric surface", "surface1Value": 85000, "surface2Type": 255, "surface2TypeName": "Missing", "surface2Value": 0, "gridDefinitionTemplate": 0, "gridDefinitionTemplateName": "Latitude_Longitude", "numberPoints": 65160, "shape": 6, "shapeName": "Earth spherical with radius of 6,371,229.0 m", "gridUnits": "degrees", "resolution": 48, "winds": "true", "scanMode": 0, "nx": 301, "ny": 201, "basicAngle": 0, "subDivisions": 0, "lo1": 70.0, "la1": 65.0, "lo2": 359, "la2": -90, "dx": 0.25, "dy": 0.25 }, "data":
[rows 130 to 155 of 201, columns 0 to 58 of 301]
0.23065977,0.5914651,0.9558737,0.730387,-1.0412527,-0.8392183,0.40378904,1.4833057,0.6516045,0.70500404,1.1242299,1.0638748,0.92771024,-1.1481904,0.31407952,0.7909208,0.050061196,0.9663133,0.8866361,1.6173464,1.6289996,1.6331764,1.3993531,0.9726014,-0.2864703,-0.24326676,-0.6767524,-0.7815803,0.4359255,-1.9405023,2.1444252,-2.2496994,0.60038316,1.6862134,2.5584683,1.9176141,0.40740338,2.5769255,2.863277,2.813454,3.8690388,2.6464074,2.4079318,1.9604416,2.370653,2.8808227,2.8970468,2.9839578,1.8161297,3.0867574,2.201311,1.1243225,2.1147623,1.6097271,1.9287986,2.0011764,3.046903,2.5554693,3.9425166
-2.3111935,0.85131025,-0.5453344,0.65542775,0.33706173,-0.8189776,-0.29661778,0.7392196,1.9135718,1.4381384,1.5006361,1.2408857,1.8911164,0.7133127,-0.816935,0.12962931,0.09542842,1.0357866,0.8886357,1.7435462,1.8198915,1.6232079,1.7634896,2.0497756,1.3916584,-0.51674026,-0.7790886,-1.0814601,1.277261,-2.1111743,-0.661498,1.404265,-1.2216557,0.26220736,1.9807222,1.0550501,1.632321,2.3058026,1.3197092,3.0162272,1.2926946,2.931765,2.5946572,2.69647,2.9235852,2.6263704,3.797415,2.8902636,2.3208742,2.43022,2.7443206,2.376537,3.0807197,2.3826845,2.5719702,1.6939793,0.75594926,2.3009171,2.8549228
-2.7451866,-0.89470255,0.34720206,-0.014717227,1.493552,-0.12733538,0.8189668,-0.90741193,0.50663203,1.241778,1.4895393,1.4029021,1.8973975,1.01774,0.7039693,-0.3534383,0.49564418,0.53375906,0.2978647,1.7608969,2.528918,1.9216903,1.3399595,1.4621148,2.6192634,0.61427104,0.5910901,-0.26106578,-0.049596917,-1.0369304,-1.5870848,-0.4985721,2.381949,-0.5241863,2.1238155,-0.9927777,3.0164876,1.6383647,2.03445,2.293596,1.9749337,3.3582625,3.6664941,2.3724148,2.946786,3.3367062,3.9586282,2.9718194,3.5806334,3.5717087,2.6650145,2.8937726,3.2656734,3.9796925,3.3100717,2.2112744,2.0556574,2.1437607,0.34713995
-2.1496446,-1.3692319,-0.055581972,-0.9338362,-0.08576395,0.2079876,1.2772217,-0.7540462,-0.96623373,0.37860048,0.962772,1.7531705,1.7464132,1.1379634,1.440496,0.5921487,0.39757752,0.039892524,0.52955395,1.5329218,2.3303843,2.3423486,0.282511,1.1771129,1.9314305,2.264518,0.2599411,0.63748074,0.15161307,0.074612804,-1.0498317,-0.118893005,0.641343,1.4590751,1.2241915,0.5530505,1.5625647,3.143122,-1.0876424,1.2220651,1.5896184,1.4647539,3.5043204,3.8375726,3.036346,3.1694164,3.2966871,3.297235,3.5804815,3.4490573,3.3124194,2.6338074,2.951888,1.920271,2.7383785,1.7793765,0.45789835,1.515432,0.81082565
-1.5439284,-0.20875551,-1.5177176,-1.14551,-1.3689796,0.6775666,-0.20944472,-0.649791,-0.5453325,0.5240749,0.7357019,1.3006514,1.8132018,1.2864954,1.6643661,1.2668197,-0.65041506,0.42906165,-1.5216476,1.4314984,1.8153014,2.3122823,2.0247197,2.335453,2.1866174,1.8185346,2.0552695,1.2023178,-0.44025347,-0.36175123,0.0072002793,0.0027552305,-1.089899,-0.21400136,0.21654828,1.2987579,1.4091312,2.1113148,0.33489704,0.9412141,0.1617605,1.6925664,2.0529022,2.306393,2.8197775,2.5829144,3.0738811,3.1904035,3.0831275,3.4775686,3.594054,3.0896616,5.2126412,5.42276,2.3338718,2.4039905,2.1872585,3.3703334,1.9372437
-0.16758683,-1.105764,-0.77267987,-1.3700424,-0.6472841,0.36157575,-1.0716497,-0.42018378,-0.1560322,0.44493112,0.08655732,1.5436844,1.6648535,1.2167008,1.2137867,0.8863771,0.5229002,-1.3104501,0.059027895,0.26599643,1.5437864,0.749954,2.4321308,2.2428963,2.2783768,2.0167196,1.9319551,0.9039116,1.2300197,0.78547037,0.5911984,0.38986856,-0.887853,-1.5348694,-0.95234096,0.88373005,1.6742092,0.2167756,2.7444236,1.9222391,-0.094485015,-1.6177781,1.9290905,2.2364337,2.0396378,2.5033295,2.6602094,2.8106065,3.6252866,2.681605,2.7530904,3.3820627,3.967055,3.0871124,4.9775305,3.640701,4.4009776,4.602289,3.2843826
-2.2222345,-0.31302223,-2.0592096,-1.7088923,-0.03338657,-1.0273741,-0.8742278,-0.71711403,0.5556313,-0.5878089,0.6099292,1.2437022,1.3905909,0.6151581,1.1656661,1.7011715,0.98652816,-0.30219448,-0.9137919,0.58248913,0.25962418,1.1688733,1.6972188,2.3593485,2.2093782,0.9720142,0.9228914,2.0200148,0.532858,0.9192405,0.6621647,-0.45280725,0.38120937,-0.6008284,-0.60239017,0.37281832,-0.81142825,-0.3648968,1.1068535,3.5947275,2.1526859,3.4966128,2.6113353,2.6271558,3.3241374,3.3863935,1.8401996,3.0859554,3.0069544,3.0600061,4.0843196,3.200844,3.6552668,3.2584896,3.3371859,4.2047963,3.1197565,3.0581257,2.702033
-2.764997,-1.0034004,-1.634336,-2.2107434,-1.0566801,-0.8049882,-1.9506669,0.13791014,0.0859263,-0.5635231,-0.6912333,1.3614564,1.3360773,0.33890074,0.7996378,1.4563824,0.46414724,-0.62805974,0.45097235,-0.40376496,-0.4204982,-0.12521553,1.3456838,2.0602264,1.7050495,2.0153148,1.5889627,1.4921479,0.75287664,0.50067616,0.2429513,0.092740946,0.65368235,0.9678067,0.07710244,-0.63068944,-0.33373576,0.20312464,0.20962653,1.3329103,0.5056491,2.1678019,4.2337956,2.3293896,1.9495531,4.5260463,4.5901713,0.38628832,1.4580036,3.21946,2.1721516,2.5242157,2.6299314,2.6861753,3.3074508,3.1061046,3.671193,3.5970492,3.891986
-1.6479492,-1.0750986,-1.7890323,-1.8955151,-0.06798178,-1.6188492,-1.4942694,-0.55488986,-0.9332696,-0.7061577,0.59567535,0.99022955,1.4344971,1.2114062,1.0756123,1.5130448,1.4227487,-0.17065597,0.09878218,0.36727008,-0.7156336,-0.915592,0.5782235,1.3768058,2.3004062,2.0112991,1.6184921,1.1934941,1.5136805,1.9302418,0.30974913,0.6707717,-0.10330293,0.7740699,-0.43536174,-0.36843473,0.87552583,-0.29252976,0.075217895,-0.93778384,0.62985295,-0.55229706,1.4571835,1.8832926,1.7157398,0.093684986,1.8503773,-3.7454352,1.7842313,2.3966804,1.6938307,2.101783,2.4690742,2.9585874,2.6492572,3.603697,4.554177,4.1693683,4.372795
2.5295393,-0.46664396,-1.610835,-0.9769564,-1.5491356,-1.6555731,-1.3034415,-0.67003465,-0.7518376,0.13294274,-0.026842969,0.8096223,-0.124402195,1.0696828,1.6797838,1.8497028,1.690438,1.6116954,0.43645716,0.34254006,-0.4836527,-0.53998715,-0.5118804,1.3429965,1.476294,1.853837,1.3235419,1.6987637,1.4705478,1.8689623,-0.77674836,-0.44936985,0.9385864,-0.45106915,0.8777141,1.1380688,0.98389524,0.7051595,-0.6782481,-1.1263752,0.8788604,-0.5333785,0.48235968,0.24177375,1.7086567,-2.4437475,1.720225,-1.5244625,0.95017785,2.1727085,2.7501292,4.217664,3.0865657,3.199109,3.30713,3.12854,4.1744843,3.7766843,3.5856607
1.2116349,0.16600658,-1.0596982,-0.61808985,-1.1560282,-1.8292458,-1.6442463,-0.86213326,0.11628492,-0.43695238,0.3072053,-0.70731115,-1.4481475,-0.12226943,0.3175672,-0.44702643,0.71624297,1.4063216,1.2989137,0.7647392,-0.6014919,-0.20412755,0.6557114,0.38584188,1.9626781,1.8826853,2.080974,2.2755287,2.0195894,2.0523367,0.93869233,0.6017717,0.07035191,-0.06468388,0.8473756,0.67740655,0.80165374,-0.35003623,1.0522075,2.6317526E-4,-0.6565096,-0.71488863,0.14758314,-0.39652926,-0.35428146,-0.058681786,0.3746726,-0.2540005,-1.3317853,-0.98933953,0.42438188,2.6780798,3.9636242,3.2077045,3.3406742,2.9850428,3.2771678,3.1321926,3.6171033
-1.7627708,0.21586114,-1.326387,-1.6364348,-1.0052571,-0.75256443,-1.6193111,-1.011635,-0.50928026,0.1571306,-0.6602261,-0.6351279,-0.36881834,-0.64702725,-1.4129169,-0.11349301,0.27638933,1.0597594,1.1283817,-0.45421335,0.8818201,0.5070349,-0.901122,-0.49090597,2.245746,1.5344659,1.5378691,2.1909428,2.1571338,1.2189858,1.9478992,2.1714811,1.4007114,-0.94083154,0.6705574,0.4161719,0.61190486,0.97721434,1.2688975,1.188666,-0.5479455,-0.49300623,-0.30318522,-0.19189051,-0.15952545,0.41658807,-0.5989608,-1.2824962,-0.16800529,-1.132753,-0.034271825,-0.99723536,3.387433,3.4950395,2.7725925,3.4200208,3.7608888,3.5368924,3.7294872
-1.0379236,-0.40567562,-1.7067243,-1.7196577,-1.7572976,-1.240471,-1.0623655,-1.1496202,0.3861449,0.22430404,-1.045575,-1.0632846,-0.7979722,-1.1501856,-0.75865257,-0.7497318,-0.16062431,0.038775735,-0.84068674,-0.6780463,0.2470254,-0.2753178,7.4160506E-4,0.48084775,-0.076050684,-0.5118234,-1.1506896,1.899549,1.8555297,1.60465,2.2225556,2.3640244,1.888931,1.0333966,0.8862813,1.4895,1.1177694,-0.3319556,0.6213018,1.2185522,-0.6237856,-1.0065101,0.44837013,0.55909944,0.6919879,-0.51724964,0.35062367,1.247236,0.046154115,-0.5697407,-1.1290286,0.5882162,0.56826293,2.806463,3.336222,3.4812672,2.8646147,2.966818,3.0131063
0.66802746,-1.5996112,-2.1176505,-1.3370523,-1.3320266,-1.299669,-1.1670313,-0.3469527,-0.6954822,-0.9122888,-0.8537748,-1.0829388,-0.58636534,-0.7953197,-0.7847291,-0.8765572,-0.93709797,-1.0522274,-0.70408726,-0.44858304,-0.7220305,-0.083884515,-0.08689217,0.9744624,0.87207335,-0.82459074,-0.10855057,-0.9217582,1.8382776,1.4416118,1.9825616,1.5497329,1.9314321,2.0655358,1.982756,-0.7380415,0.081384376,-1.1022576,-0.7747231,0.3271697,-0.20613319,0.2871095,0.048776526,-0.119083084,-1.5590246,0.903542,-0.30681452,0.2834935,0.5656874,-0.5543353,-1.216774,0.79101884,0.123066254,0.36834523,2.8607545,3.7902856,2.018869,3.1550157,1.6813122
0.5189321,-1.7875317,-1.5907325,-0.72113717,-0.9240807,-0.8756305,-0.61442184,-0.93819076,-1.2211652,-1.0829217,-1.4104646,-0.57346845,-0.8249491,-1.197299,-1.161473,-1.2979578,-1.2096306,-0.76671207,-0.8551701,-0.5276032,-0.91110146,-0.7370428,-0.6758854,0.07655277,1.0538707,1.1032444,-0.57333195,-1.222227,-0.6809899,1.0277891,0.9104342,1.5526952,2.1365361,2.4113812,2.0924072,2.2096803,0.80667424,1.8921043,1.6335889,1.8749532,1.9996862,0.6505693,0.6644615,-0.31843495,0.32208028,-0.41515628,-0.01719615,-0.29092354,-0.64042425,-0.3254444,-0.28527874,-0.88333595,-0.8265972,0.7506466,0.102532975,2.5530443,0.30762622,2.572828,3.8409317
-0.031947054,-1.1182168,-0.83548,-0.055018567,-1.3793902,-0.2243702,-1.4585794,-1.4606286,-1.6007017,-1.0255812,-1.022663,-1.3704895,-1.2274255,-1.0019591,-1.5266944,-1.6763599,-1.4081204,-1.1176165,-0.9119564,-1.0323389,-0.74280494,-0.35448164,-0.5095772,-0.1937444,-0.21582253,0.61783457,0.93801916,0.42473188,-1.0150596,-0.79923517,0.6751954,1.2804021,1.692904,0.91910195,1.675341,1.6711708,1.9553143,2.0046375,1.4063596,0.8422525,1.6705806,0.080113955,1.0276625,1.2008864,0.8402618,-0.31645802,0.5355134,0.8720451,0.40582266,0.7872971,-0.4662228,-0.15019912,-1.1679312,-0.04096397,1.4326403,0.070630744,1.1443753,-0.16990651,0.823453
-0.79209226,-0.095740564,-0.7540479,-0.348576,-0.234455,-1.3247032,-1.6515617,-1.8728038,-1.5330563,-1.4812411,-1.356447,-1.2191637,-1.3609588,-1.495571,-1.6419256,-1.5211383,-1.2305444,-1.0675983,-1.2436069,-1.280349,-1.0665014,-0.9045774,-0.6909675,-1.8677534,-0.028960079,-0.79198635,-0.5532581,1.4320393,-0.7573656,-0.25122905,-0.7391118,-0.1950884,0.8015703,1.2477177,0.70433515,1.9098774,2.127753,1.3862135,1.9084941,1.8137038,1.9720204,0.89833695,1.3400937,1.3309801,0.31335375,0.7766842,-0.16992795,0.7530595,1.2006674,0.56067836,1.0150167,0.47265005,0.6160985,-1.0810947,0.08000076,-0.5558841,0.20996895,0.8913136,-0.6948586
0.5351904,-0.27734667,-1.0742815,-0.96734977,-1.8196061,-1.7486879,-1.791642,-1.5017658,-1.4978017,-1.3216127,-1.3776072,-1.5071381,-1.6650285,-1.7616789,-1.7415084,-1.1788667,-1.1497383,-1.3085495,-1.1938095,-1.3826978,-1.3913126,-1.025463,-0.9022797,-1.5795916,-1.8873537,-0.9104138,-1.7236692,-0.83214366,0.2714305,0.69721466,-1.675639,-0.5150296,0.4312829,0.19112435,1.1385022,2.063032,1.569933,1.8937585,1.8863344,2.1852324,2.3220448,2.4514441,1.8032355,0.57542086,0.23753713,1.3745755,0.60698056,-0.091650516,0.19726284,0.71063733,0.4837627,-0.08700054,0.14859596,-0.20551339,-1.0352275,-0.5002129,0.5111431,-0.26578373,-0.118963026
-0.32077885,-1.1921349,-1.3444088,-1.7715352,-1.90023,-1.8076968,-1.3760029,-1.4280882,-1.2350917,-1.3624282,-1.5463976,-1.8076468,-1.7377119,-1.3703455,-1.1989982,-1.3714767,-1.0820155,-0.98195624,-1.5440228,-1.1284097,-1.2925378,-0.8054762,-0.2785412,-2.2408261,-1.8551753,-1.6899074,-1.8373127,-0.14065994,-2.2081811,0.2504397,-2.2630188,0.8449326,-0.84739923,-0.4382646,0.9252345,1.007379,1.7355678,1.0043545,2.179352,2.409905,2.525024,2.4201214,2.0716915,1.5572189,2.394257,1.55958,2.136706,2.0738592,1.1766406,1.4693274,0.8950852,0.39564726,0.8668278,0.1814037,-0.60743815,0.8317726,0.5829857,-0.6708317,1.246401
-0.8323459,-1.38712,-1.9798235,-2.3716128,-1.8060799,-1.3800757,-0.91263866,-1.2671154,-1.1567154,-1.2527066,-1.4382755,-1.7240206,-1.5310051,-1.3306273,-1.361783,-0.96992296,-1.3219377,-1.1308933,-0.7303973,-1.1485124,-0.36917204,-0.119033955,-0.8148497,-1.6890638,-1.6381605,-1.5975933,-1.6082573,-1.962507,-2.167101,-1.2474229,-1.554446,0.6825417,0.543446,-1.8169253,-0.46336165,0.49294382,-0.24901995,1.5852829,1.6827292,2.0425227,2.4251993,2.3552475,2.224413,2.5457802,2.3295853,2.5368295,2.3069363,2.4681032,2.3870885,1.9755114,1.2509391,-0.17927745,0.34631363,0.12235217,1.1216899,0.9546321,0.90978277,1.2895716,-0.67566806
-1.2191035,-1.781942,-2.4216144,-1.6945179,-1.1534076,-0.8123517,-1.3052511,-1.3784229,-1.4891686,-1.2962056,-1.4781213,-1.4018892,-1.7157347,-1.7953324,-1.6769421,-1.2709179,-0.57909167,-1.3751523,-1.0375673,-0.40872738,-0.87273264,-0.35151932,-0.7613109,-1.3705304,-2.4485915,-1.9392439,-1.9776126,-2.245054,-2.2636375,-1.9881997,-2.4290717,-0.47089466,-0.26003367,-0.5301685,-0.2974169,-1.0465097,-0.12270311,1.0044931,0.63610125,1.7587955,2.1853123,2.4540575,2.452653,2.4462345,2.4471107,2.4719872,1.818409,2.248282,2.1418853,2.1760507,2.3340144,1.9388444,1.8198642,1.2785201,0.57854646,1.7623591,1.8601503,1.2467227,0.6831693
-1.4109491,-1.8934282,-2.2658932,-1.4999561,-0.7016377,-0.9455165,-1.8651603,-1.9873492,-1.8417845,-1.6611346,-1.6336068,-1.6901364,-1.7978916,-1.8420572,-1.778818,-1.4367961,-1.3425661,-0.6180375,-0.76421845,-0.35315642,-1.2677338,-1.2941074,0.67409277,2.0332205,-1.2820129,-2.3314736,-2.109643,-2.5913765,-2.4403121,-2.4173694,-2.6062944,-2.238765,-0.78647894,-0.91025895,-1.5389708,-0.9831634,0.035761617,-0.2480003,0.7795862,1.2071357,2.042252,2.2621653,2.141135,2.2282412,2.6121368,2.5903943,2.352845,1.8863425,1.5648255,1.5077776,1.9898014,2.404361,1.8333927,1.7736015,1.894943,2.1777713,1.7188944,1.8751247,1.7704613
-0.79340273,-2.246893,-2.153261,-1.3192945,-1.2782793,-1.1627572,-1.6267918,-1.8950353,-1.8238096,-1.9656166,-2.053399,-1.9723457,-2.050701,-2.3461587,-2.0729783,-1.6448263,-0.32784265,-1.2354661,-1.7207165,-2.2808564,-1.319243,-0.42408568,1.1400021,-0.81554705,-1.6059045,-1.8577503,-2.265567,-2.242518,-2.050227,-1.8252381,-2.0142446,-1.8689108,-1.5065984,-1.5471388,-2.0913365,-1.2650505,-0.35387233,-0.8847131,-0.65394115,1.2318816,1.3322932,2.1393628,1.6245185,2.1455183,2.0308518,2.3654442,2.8242798,1.5721529,1.5982068,2.2003982,2.0104175,1.8343294,1.132941,1.4655668,1.8154327,1.795458,0.9405247,2.0838037,1.7651662
-1.0712758,-1.3253853,-2.0477002,-1.9762589,-1.8858166,-1.8209295,-1.4956441,-1.3460934,-1.9017376,-1.9226818,-1.8418666,-2.0551083,-1.9507087,-2.1391299,-1.3863548,-2.2063668,-0.10218325,-0.38081446,-1.2895092,-2.2243536,-2.082961,-2.2503703,-0.85147434,-1.8763,-0.8558502,-1.7283797,-2.1454096,-1.6114025,-1.7027894,-1.6957052,-1.4967172,-1.703086,-1.7816498,-1.5861894,-2.0418227,-1.3358856,-0.8598152,-1.0607588,-0.89450604,-0.22595544,0.95649344,1.6133763,2.2144608,1.8653443,1.5292922,2.0355775,2.1551888,1.9754153,2.0736854,1.3254042,0.58536416,0.8033696,1.0918633,2.1617692,2.4520524,1.5264267,0.98429507,1.1369228,1.2894452
0.29905477,-0.451518,-1.5963988,-1.9583788,-2.2715268,-2.0858781,-1.5601616,-1.8459078,-1.6755013,-1.8994968,-2.469131,-2.057553,-2.1897802,1.5553826,-1.47866,-1.3800346,-0.11785821,-1.4625189,-0.93034875,-2.1635976,-2.3588414,-2.6496525,-2.2338097,-1.1824098,-2.305091,1.4430524,-2.308613,-0.5307554,-1.3172957,-2.5363374,-2.6215265,-2.2774346,-1.8370345,-1.7647928,-1.832087,-1.8451006,-1.1408478,0.2614288,-0.7641476,-0.82538295,-0.048121937,0.7860243,0.7420733,1.3383733,2.0079908,2.1069078,0.85058016,1.6323593,1.7264152,0.70608646,0.6282471,0.9708506,1.4615484,1.574262,1.573206,1.9237075,1.2247959,1.2826865,0.99342275
1.1978754,0.9100858,0.92644435,-1.7518214,-2.017372,-1.7616607,-1.8680285,-1.7763118,-1.8396271,-2.0776176,-2.104994,-1.6381792,-1.9385694,-0.37570456,-0.20277065,-1.1310033,-0.20866667,-2.1115313,-2.1161704,-2.3679333,-2.3340764,-2.1087224,-1.9195132,-1.6698228,-0.9900259,-1.4283649,-0.5443791,-1.0900033,-2.2610013,-2.5704052,-2.0321686,-1.2136431,-2.0323772,-1.9262098,-2.4588017,-2.2105315,-1.4022294,-0.0058849137,-1.1236153,-0.11387726,0.010948522,0.051541038,0.108949564,1.6007018,1.4567763,0.7334187,1.3670814,1.5745215,0.85835403,1.3702602,0.906476,1.249036,0.8415477,0.46403408,0.6550301,0.9968633,2.0075467,1.5451466,1.1732562
