wind/fgs1.json
{"header": { "gridUnits": "degrees", "gribLength": 132662, "parameterNumberName": "V-component_of_wind", "genProcessType": 2, "forecastTime": 9, "surface1Value": 50000, "significanceOfRT": 1, "productDefinitionTemplate": 0, "disciplineName": "Meteorological products", "surface2Value": 0, "parameterUnit": "m.s-1", "productType": 1, "parameterNumber": 3, "la2": -90, "gridDefinitionTemplate": 0, "significanceOfRTName": "Start of forecast", "surface1TypeName": "Isobaric surface", "productTypeName": "Forecast products", "ny": 181, "resolution": 48, "lo2": 359, "dy": 1, "scanMode": 0, "productStatusName": "Operational products", "surface2Type": 255, "gridDefinitionTemplateName": "Latitude_Longitude", "shape": 6, "refTime": "2014-03-04T06:00:00.000Z", "surface2TypeName": "Missing", "surface1Type": 100, "centerName": "US National Weather Service - NCEP(WMC)", "la1": 90, "shapeName": "Earth spherical with radius of 6,371,229.0 m", "gribEdition": 2, "winds": "true", "numberPoints": 65160, "nx": 360, "subcenter": 0, "basicAngle": 0, "discipline": 0, "productStatus": 0, "center": 7, "productDefinitionTemplateName": "Analysis/forecast at horizontal level/layer at a point in time", "parameterCategory": 2, "parameterCategoryName": "Momentum", "genProcessTypeName": "Forecast", "dx": 1, "lo1": 0, "subDivisions": 0 }, "data":
[rows 38 to 75 of 181, columns 85 to 169 of 360]
-5.9671,-1.0419,-3.8812,-3.0686,-3.8042,-6.5357,-5.9045,-0.9925,-0.6293,-1.6961,-1.4387,-0.3746,-0.2079,-0.0,-0.7771,-0.7071,-0.5878,-0.5446,-1.0893,-1.2036,-1.364,-1.5094,-1.5973,-1.7492,-1.9406,-1.9997,-1.9924,-0.9816,-0.9816,-0.309,-0.9703,-2.9344,-1.9487,-3.9781,-5.9416,-8.9877,-9.8163,-9.8769,-7.8785,-8.5595,-6.4435,0.0,-2.9254,-2.1786,-2.6302,-0.8998,-2.5441,-1.782,-1.1238,-5.9088,-3.9401,-2.8366,-1.3121,-5.541,-7.6412,-6.4656,-2.6496,-3.6252,-7.1281,-0.788,-0.9205,-0.9563,-0.9925,-1.576,-2.6964,-2.9995,0.0,0.0,0.0,0.0,0.0,0.0,0.0,0.0,0.0,0.0,0.0,0.0,0.0,0.0,0.0,0.0,0.0,0.0,0.0
-4.9992,-7.7274,-8.9877,-7.7715,-9.1194,-0.9408,-4.8515,-1.7976,-0.0,-0.0,-1.5094,-1.7659,-1.9633,-1.9851,-0.9925,-0.7986,-1.3893,-1.364,-1.3121,-1.364,-1.4863,-1.576,-1.6581,-1.7976,-1.9021,-1.9126,-1.841,-0.8192,-0.6018,-0.0872,-0.1736,-0.2079,-0.7986,-0.9994,-1.9563,-0.4067,-1.0301,-3.3922,-4.7815,-6.1806,-12.8399,-12.432,-9.9756,-12.3637,-14.9635,-12.9505,-8.9877,-11.5911,-7.4175,-9.8481,-9.2718,-11.6843,-10.4954,-4.4589,-1.782,-1.618,-5.9088,-5.346,-3.9781,-4.9992,-2.516,-0.3746,-1.2586,-1.8794,-0.848,-0.0698,0.0,0.0,0.0,0.0,0.0,0.0,0.0,0.0,0.0,0.0,0.0,0.0,0.0,0.0,0.0,0.0,0.0,0.0,0.0
-2.9544,-2.7189,-2.9959,-1.0396,-4.6025,-5.6631,-8.4805,-6.8206,-2.9544,-0.342,-0.0,-0.0,-0.8387,-2.9995,-1.9973,-1.8794,-1.782,-1.7659,-1.618,-1.4863,-1.5094,-2.4575,-2.5715,-1.7976,-2.7406,-1.8126,-1.7659,-0.788,-0.5299,-0.4067,-0.3584,-0.2924,0.0,-0.0698,-0.0523,-0.5736,-1.7492,-1.7492,-0.225,-1.6339,-2.3314,-0.9994,-1.0,-1.4863,-3.8252,-5.9772,-7.5641,-9.8163,-6.4903,-9.7815,-8.2845,-4.0451,-1.7535,-2.0074,-3.9611,-4.7553,-3.2766,-1.7143,-2.8366,-2.2294,-3.8302,-4.9513,-2.158,-0.2437,-2.9927,-2.1213,0.0,0.0,0.0,0.0,0.0,0.0,0.0,0.0,0.0,0.0,0.0,0.0,0.0,0.0,0.0,0.0,0.0,0.0,0.0
-1.8672,-2.7615,-3.0642,-1.0301,-2.0074,-2.1197,-1.8271,-1.1472,-4.0451,-7.7145,-7.9221,-5.8462,-4.8907,-0.0,-2.9631,-2.9449,-1.8544,-1.782,-1.8271,-1.782,-1.6773,-2.5441,-2.5981,-2.6239,-2.5981,-1.7659,-1.7492,-1.618,-1.3383,-1.0598,-0.618,-0.2437,-0.0349,-0.3129,-0.3473,-1.2586,-0.1219,-1.3383,-1.9805,-3.0,-0.9744,-0.5299,-2.084,-3.9611,-2.9231,-1.7659,-1.0893,-0.3473,-0.0872,-0.9696,-2.728,-2.9449,-1.6773,-2.8679,-0.8682,-2.364,-3.3547,-3.7087,-3.9265,-3.5952,-2.7816,-1.989,-3.9611,-3.682,-2.8774,-3.9903,0.0,0.0,0.0,0.0,0.0,0.0,0.0,0.0,0.0,0.0,0.0,0.0,0.0,0.0,0.0,0.0,0.0,0.0,0.0
-1.6383,-2.2294,-0.8771,-4.9627,-5.9963,-5.8462,-5.9416,-4.924,-3.564,-2.8689,-5.2977,-7.0921,-4.5924,-1.2313,-2.1197,-1.9997,-0.9998,-1.5973,-1.9696,-1.9633,-1.8794,-1.841,-1.8126,-1.8672,-1.8672,-1.9225,-1.9406,-1.782,-1.4142,-1.9284,-0.908,-0.0698,-0.2783,-0.809,-0.0,-0.4158,-0.682,-0.4695,-0.6691,-1.3121,-1.2036,-0.0,-1.8794,-0.9994,-0.6947,-3.5318,-5.9261,-5.9671,-4.7276,-3.0,-0.4358,-1.4544,-2.6765,-2.6496,-0.0873,-0.8269,-0.5513,-1.7492,-3.7588,-3.9126,-4.9627,-3.8042,-3.5952,-4.7276,-4.9384,-3.3162,0.0,0.0,0.0,0.0,0.0,0.0,0.0,0.0,0.0,0.0,0.0,0.0,0.0,0.0,0.0,0.0,0.0,0.0,0.0
-1.5898,-1.9487,-2.8978,-1.4863,-1.6383,-2.9231,-2.9708,-1.1248,-2.5712,-2.9544,-3.4287,-2.1213,-1.3681,-4.5924,-4.8719,-1.9754,-1.989,-1.9997,-0.9613,-0.0,-0.0,-1.8544,-1.9126,-1.9319,-1.9563,-1.989,-3.0,-1.989,-0.515,-1.3893,-2.9449,-1.618,-0.2091,-0.9781,-2.8366,-1.1756,-1.4387,-1.6383,-0.9511,-0.829,-0.9903,-0.9903,-1.0893,-1.6339,-1.7207,-1.576,-0.0,-1.0353,-0.2443,-0.2094,-1.8117,-2.8284,-1.8779,-2.6765,-1.9537,-0.4499,-0.515,-0.9877,-1.8271,-2.4271,-0.6749,-0.4499,-0.8135,-0.9976,-0.8746,-1.4387,0.0,0.0,0.0,0.0,0.0,0.0,0.0,0.0,0.0,0.0,0.0,0.0,0.0,0.0,0.0,0.0,0.0,0.0,0.0
-0.9205,-2.3959,-0.9994,-1.9924,-1.9406,-1.7659,-6.847,-7.9805,-9.9452,-9.9863,-7.9221,-5.9671,-1.873,-0.3488,-2.6765,-0.3486,-3.7759,-4.8719,-6.6941,-4.9931,-3.9976,-3.3547,-2.5441,-1.8544,-1.7321,-0.5446,-0.8572,-0.8269,-2.8007,-1.989,-1.2679,-0.4158,0.0,-0.8387,-0.1045,-3.9702,-2.9959,-1.847,-2.6488,-2.9726,-4.7276,-4.9513,-4.0,-3.9508,-3.7588,-4.7815,-3.9392,-3.0091,-1.2515,-0.314,-0.2617,-0.2093,-0.3486,-1.362,-1.7659,-0.3256,-0.8767,-1.2202,-0.3486,-0.8682,-0.7632,-1.4984,-2.7189,-2.8689,-2.9995,-1.3893,0.0,0.0,0.0,0.0,0.0,0.0,0.0,0.0,0.0,0.0,0.0,0.0,0.0,0.0,0.0,0.0,0.0,0.0,0.0
-9.9939,-9.9863,-8.6514,-9.9255,-8.8346,-7.548,-5.6631,-2.2641,-4.8063,-4.9081,-2.9959,-0.7193,-5.8689,-5.9772,-6.9734,-7.853,-7.853,-6.9957,-2.9776,-2.1213,-3.9265,-3.8252,-0.1564,-0.7986,-0.0,-2.3314,-2.516,-7.4686,-5.143,-0.9976,-1.8794,-2.9344,-0.9511,-0.3473,-2.2641,-3.0642,-2.7615,-3.9265,-3.6252,-2.3511,-2.9982,-1.6773,-0.829,-1.5094,-0.1908,-0.3256,-2.8284,-3.8567,-2.339,-1.2475,-1.9392,-2.0074,-0.4158,-0.5,-0.157,-0.5724,-0.6749,-1.3023,-1.6278,-1.3023,-1.8779,-1.362,-0.1047,-0.1219,-0.8316,-1.1238,0.0,0.0,0.0,0.0,0.0,0.0,0.0,0.0,0.0,0.0,0.0,0.0,0.0,0.0,0.0,0.0,0.0,0.0,0.0
-4.8515,-2.9836,-1.576,-1.841,-1.9563,-0.3473,-1.3383,-3.9126,-2.9982,-3.564,-1.816,-2.7232,-7.1281,-7.853,-3.9126,-1.8794,-3.7588,-1.8271,-3.8812,-6.6574,-5.8898,-5.9671,-1.888,-0.9563,-0.6946,-0.766,-3.5952,-3.7735,-2.9708,-1.2361,-0.1743,-2.158,-2.9544,-0.5847,-0.3136,-1.7634,-0.9744,-2.8689,-3.8812,-2.8007,-2.046,-2.158,-4.1934,-2.3511,-1.4619,-1.4335,-1.4619,-4.6985,-0.1396,-2.27,-1.6776,-1.4627,-3.1086,-2.6765,-4.3731,-1.2361,-0.8829,-0.8192,-0.1564,-0.8767,-0.9336,-1.0893,-1.6339,-1.5973,-0.9271,-0.2615,0.0,0.0,0.0,0.0,0.0,0.0,0.0,0.0,0.0,0.0,0.0,0.0,0.0,0.0,0.0,0.0,0.0,0.0,0.0
-1.7143,-1.7321,-0.9063,-0.0349,-0.309,-0.682,-0.0,-0.9563,-0.9994,-0.3746,-4.0958,-3.7087,-3.9265,-2.673,-3.564,-4.8907,-4.997,-2.8532,-3.4985,-2.8191,-0.0,-0.6237,-0.0873,-1.6538,-0.7167,-0.5724,-2.6302,-4.1452,-5.0346,-6.4435,-5.8462,-0.1564,-1.4544,-1.1184,-0.6018,-0.9659,-1.8779,-1.8779,-2.9836,-1.6269,-0.6157,-3.8042,-0.9336,-2.7786,-3.0783,-0.8269,-0.6691,-3.2139,-4.9513,-1.1695,-1.362,-0.9205,-0.1908,-1.891,-2.2641,-5.6015,-4.9081,-2.5752,-3.9945,-3.8042,-0.6157,-2.7816,-0.908,-1.4984,-1.6269,-1.4387,0.0,0.0,0.0,0.0,0.0,0.0,0.0,0.0,0.0,0.0,0.0,0.0,0.0,0.0,0.0,0.0,0.0,0.0,0.0
-1.8794,-1.7492,-1.3383,-0.682,-1.8126,-1.8672,-1.9633,-1.9951,-1.8126,-2.2943,-1.2515,-1.2526,-3.5267,-3.2803,-3.7343,-2.4271,-2.9254,-3.7759,-4.5924,-2.1786,-0.9767,-1.7918,-3.6252,-6.5778,-8.5097,-6.5778,-4.6679,-4.9384,-3.8812,-3.7588,-2.9544,-2.8007,-1.4627,-1.9563,-0.829,-2.8838,-2.8838,-3.9976,-5.9963,-5.4378,-3.2139,-3.9392,-4.6359,-1.1695,-1.9696,-0.4158,-1.7634,-3.3162,-3.7588,-3.4641,-2.6496,-0.9677,-1.7321,-3.6252,-3.9976,-2.8366,-0.7492,-0.9389,-0.9994,-2.1941,-3.9848,-5.8033,-6.3041,-4.0451,-2.9776,-3.682,0.0,0.0,0.0,0.0,0.0,0.0,0.0,0.0,0.0,0.0,0.0,0.0,0.0,0.0,0.0,0.0,0.0,0.0,0.0
-0.7167,-0.684,-0.7815,-1.9696,-0.9613,-0.5,-0.684,-1.847,-0.7771,-2.2294,-4.0958,-5.44,-4.4052,-0.4875,-2.4871,-4.8063,-2.1131,-2.9886,-6.0002,-6.997,-3.564,-2.5441,-1.9406,-0.0872,-0.3129,-0.5176,-0.1743,-0.1047,-0.0349,-0.0698,-0.2783,-1.0,-0.7492,-0.3473,-0.4158,-0.3256,-0.5736,-1.989,-3.8975,-4.2426,-3.9364,-3.6568,-1.1238,-0.9925,-2.2641,-3.8975,-3.1086,-0.5209,-1.0893,-1.1238,-0.8746,-2.9231,-3.7343,-0.0349,-3.0091,-2.796,-1.0261,-1.989,-2.5441,-0.4067,-3.0902,-1.7996,-0.9945,-1.9696,-3.7588,-2.4575,0.0,0.0,0.0,0.0,0.0,0.0,0.0,0.0,0.0,0.0,0.0,0.0,0.0,0.0,0.0,0.0,0.0,0.0,0.0
-0.3473,-0.2437,-0.3907,-0.3816,-0.3473,-0.7258,-0.6237,-0.4499,-0.7815,-0.7167,-0.5176,-0.4226,-2.728,-6.9904,-6.5351,-6.0002,-3.5267,-1.6278,-1.576,-2.8838,-2.9836,-2.0602,-3.1945,-2.2981,-1.5,-0.7815,-0.4499,0.0,-0.2437,-0.4838,-1.0598,-0.9696,-1.0893,-0.9767,-0.2615,-1.1756,-0.5513,-0.9877,-0.7547,-1.9406,-3.3547,-1.7976,-1.4387,-3.8812,-1.8672,-4.9627,-1.9537,-2.8532,-1.0893,-3.4641,-4.9513,-1.4335,-0.5229,-0.835,-1.7207,-2.9927,-3.6568,-4.9931,-5.6731,-1.7918,-1.6905,-0.6946,-1.9487,-0.9272,-0.3907,-0.684,0.0,0.0,0.0,0.0,0.0,0.0,0.0,0.0,0.0,0.0,0.0,0.0,0.0,0.0,0.0,0.0,0.0,0.0,0.0
-1.0301,-0.8387,-0.9877,-1.5321,-0.7167,-0.0349,-0.2756,-0.3746,-0.6947,-0.8192,-1.0893,-0.5513,-1.4544,-1.7207,-2.046,-0.2419,-3.8252,-2.9836,-3.3922,-3.2766,-0.9677,-2.4271,-1.4863,-0.9848,-2.8191,-1.7321,-0.0349,-0.2419,-0.4848,-1.1472,-1.7492,-1.4387,-2.158,-2.8007,-2.7189,-2.1941,-2.364,-0.8829,-0.848,-2.1941,-1.1238,-1.2361,-2.0,-2.9776,-3.1466,-0.4695,-0.0,-1.2036,-2.9544,-6.0377,-6.5778,-4.1452,-3.9401,-2.4626,-1.9284,-0.0,-3.4641,-4.455,-2.9995,-1.6278,-2.1131,-0.1047,-0.618,-1.5321,-2.5981,-1.6961,0.0,0.0,0.0,0.0,0.0,0.0,0.0,0.0,0.0,0.0,0.0,0.0,0.0,0.0,0.0,0.0,0.0,0.0,0.0
-0.9455,-0.9455,-0.2079,-0.5176,-1.7143,-1.9021,-0.9781,-0.9816,-1.0,-0.0,-0.0,-0.809,-0.766,-1.3383,-0.4226,-0.515,-2.0074,-1.0751,-2.4073,-1.7659,-1.2856,-0.9659,-1.9951,-2.9344,-0.7258,-1.0,-0.9696,-0.309,-0.7314,-1.6581,-1.8672,-1.6383,-0.684,-0.4067,-1.3893,-1.6776,-0.9271,-1.362,-2.8284,-3.7735,-4.0958,-2.8366,-0.8771,-7.7782,-6.0377,-6.9829,-8.9658,-6.8714,-1.816,-2.9544,-1.364,-1.9487,-3.4985,-3.9702,-4.455,-4.455,-3.6252,-3.8857,-4.6025,-4.2426,-2.4404,-1.5451,-0.9336,-0.9455,-0.5592,-1.8544,0.0,0.0,0.0,0.0,0.0,0.0,0.0,0.0,0.0,0.0,0.0,0.0,0.0,0.0,0.0,0.0,0.0,0.0,0.0
-1.9924,-0.9877,-0.848,-0.0698,-0.6237,-0.2093,-1.9284,-3.1945,-3.3547,-2.4871,-2.046,-1.3151,-1.4544,-1.989,-2.7816,-1.8672,-0.829,-0.0698,-1.6269,-1.362,-0.7167,-0.2419,-0.4848,-0.0872,-3.152,-3.7343,-2.9544,-1.9406,-1.9997,-0.4384,-1.9633,-1.8271,-1.3121,-1.0,-1.4544,-0.0873,-1.7101,-2.7786,-3.9932,-3.5355,-1.7918,-6.9943,-4.9742,-1.4079,-1.2202,-0.9696,-2.279,-1.9851,-4.4147,-1.5898,-0.8682,-1.7207,-0.6157,-1.2202,-2.0074,-0.1395,-3.8637,-2.4271,-1.8541,-2.3941,-1.1248,-0.5513,-0.6428,-0.6749,-2.1941,-3.152,0.0,0.0,0.0,0.0,0.0,0.0,0.0,0.0,0.0,0.0,0.0,0.0,0.0,0.0,0.0,0.0,0.0,0.0,0.0
-2.5441,-2.3959,-2.3314,-1.3383,-0.618,-0.7492,-1.782,-1.2036,-1.2313,-2.7816,-2.6964,-0.9063,-0.6561,-0.9962,-1.8126,-2.7189,-2.2981,-0.8269,-0.9767,-1.2202,-0.0,-0.2924,-1.0893,-2.7816,-5.9088,-2.4626,-0.3486,-0.0,-0.9816,-0.788,-1.5321,-2.7615,-1.6773,-1.362,-0.279,-0.3488,-0.4838,-2.7816,-3.6252,-7.4314,-7.0711,-5.0346,-7.6324,-2.5173,-1.9284,-6.1284,-6.8937,-4.9627,-2.4721,-1.4619,-2.1941,-1.6961,-0.684,-1.8271,-1.2202,-0.7986,-3.8567,-6.6883,-4.7693,-4.5924,-4.9149,-5.8218,-5.7956,-4.9627,-2.5752,-3.7087,0.0,0.0,0.0,0.0,0.0,0.0,0.0,0.0,0.0,0.0,0.0,0.0,0.0,0.0,0.0,0.0,0.0,0.0,0.0
-3.3922,-3.3162,-3.3547,-2.3959,-1.9284,-1.2202,-0.7815,-0.5299,-0.0,-0.829,-2.8689,-2.8978,-2.0,-1.9563,-1.9696,-2.9886,-3.9702,-4.9992,-5.9553,-6.7615,-6.5778,-5.8898,-3.8812,-3.9976,-4.6025,-3.9702,-2.9927,-1.9696,-1.9225,-0.5847,-1.2202,-1.3893,-0.5209,-0.2093,-1.1695,-3.0188,-6.3442,-6.9734,-7.7782,-6.1511,-1.9924,-3.4415,-4.5315,-4.1452,-2.6242,-1.4544,-1.0261,-0.3488,-3.694,-4.168,-0.8829,-0.7986,-0.2419,-2.3959,-4.9742,-6.364,-7.3135,-4.1145,-3.0783,-2.2368,-2.1213,-1.9682,-2.7189,-3.845,-2.9776,-2.9344,0.0,0.0,0.0,0.0,0.0,0.0,0.0,0.0,0.0,0.0,0.0,0.0,0.0,0.0,0.0,0.0,0.0,0.0,0.0
-1.7976,-1.8794,-1.9021,-1.8544,-3.152,-2.5712,-2.1213,-2.3314,-1.782,-1.6581,-0.9563,-0.848,-0.5299,-0.891,-1.9021,-3.682,-3.682,-3.0188,-2.9389,-2.1213,-0.6293,-0.9781,-0.6561,-0.4158,-0.4175,-1.2679,-0.684,-0.1743,-0.157,-0.7258,-1.2361,-0.4693,-1.7143,-3.6542,-5.9991,-7.4686,-4.5677,-5.2901,-6.359,-1.7659,-4.9992,-2.364,-2.4626,-3.9144,-3.0091,-3.6542,-3.8857,-1.8541,-0.9389,-2.6964,-5.9088,-5.8898,-3.3547,-3.0783,-5.143,-3.6053,-2.5,-1.4554,-0.4181,-1.4335,-0.3473,-0.5299,-1.5898,-0.4838,-1.4084,-2.084,0.0,0.0,0.0,0.0,0.0,0.0,0.0,0.0,0.0,0.0,0.0,0.0,0.0,0.0,0.0,0.0,0.0,0.0,0.0
-0.9998,-0.9994,-0.9781,-0.891,-2.8284,-3.0642,-2.6242,-3.0642,-3.0642,-2.5712,-2.4271,-2.7189,-2.7406,-3.9932,-5.0354,-3.7588,-3.5952,-4.3881,-2.9389,-0.6293,-0.8572,-0.9848,-0.5847,-0.6511,-0.5176,-0.4384,-1.4863,-1.4627,-2.7189,-2.9982,-3.9702,-5.143,-6.4435,-7.8785,-8.4572,-7.7274,-5.523,-3.2161,-3.9611,-3.4641,-0.2093,-2.6488,-3.8252,-4.8063,-4.8907,-3.4287,-4.8541,-1.7976,-1.9319,-1.618,-4.2402,-4.8515,-5.143,-4.0451,-5.6731,-5.8707,-2.27,-0.8531,-2.8774,-4.2402,-1.7976,-3.4985,-3.3547,-2.7816,-4.9726,-5.9918,0.0,0.0,0.0,0.0,0.0,0.0,0.0,0.0,0.0,0.0,0.0,0.0,0.0,0.0,0.0,0.0,0.0,0.0,0.0
-0.9336,-1.6581,-3.2361,-3.152,-3.6568,-3.7735,-3.1945,-3.3457,-3.6568,-4.2426,-4.316,-4.8541,-5.5161,-4.6839,-3.0642,-3.8042,-3.8857,-3.41,-2.6488,-0.9877,-0.5592,-0.6157,-0.9925,-0.9744,-0.9781,-3.9126,-1.9319,-1.9997,-0.9903,-3.9848,-5.7676,-5.8033,-4.6629,-4.2426,-3.1086,-4.316,-6.0622,-0.5878,-1.618,-1.6538,-0.908,-1.1756,-1.6905,-0.6093,-1.6905,-0.5209,-5.0,-1.8794,-0.9272,-0.9903,-0.9563,-2.6964,-2.0074,-1.2941,-0.6093,-1.4619,-3.694,-3.7343,-1.1025,-2.2981,-4.924,-4.6359,-1.888,-1.6773,-0.3473,-2.8366,0.0,0.0,0.0,0.0,0.0,0.0,0.0,0.0,0.0,0.0,0.0,0.0,0.0,0.0,0.0,0.0,0.0,0.0,0.0
-1.6383,-1.618,-3.9401,-4.5283,-3.8857,-3.8857,-3.7735,-4.0148,-3.8567,-3.8567,-3.7759,-4.092,-3.2803,-2.6242,-3.152,-3.4985,-3.8302,-3.4641,-2.9886,-1.9225,-1.6773,-0.891,-0.9962,-0.9848,-0.9336,-0.809,-0.8746,-0.9903,-0.9925,-0.829,-3.9932,-4.0148,-4.8541,-4.3301,-2.8774,-2.1502,-1.0,-0.7258,-0.6972,-2.1197,-1.6278,-3.8857,-5.6015,-7.9562,-8.9986,-7.8252,-6.2916,-0.9336,-0.9135,-0.1392,-0.0,-0.5878,-2.5,-3.694,-3.0091,-2.8284,-0.9271,-2.1941,-1.1238,-0.1219,-0.3473,-0.0,-1.891,0.0,-0.9998,-0.9063,0.0,0.0,0.0,0.0,0.0,0.0,0.0,0.0,0.0,0.0,0.0,0.0,0.0,0.0,0.0,0.0,0.0,0.0,0.0
-0.7547,-2.7786,-3.41,-3.2803,-3.3457,-3.9364,-3.9364,-4.015,-4.3096,-3.8125,-3.1795,-3.2139,-3.4733,-3.152,-3.8857,-3.8302,-4.0958,-3.7588,-3.8252,-1.8794,-0.9994,-0.9877,-0.9945,-0.9848,-0.9945,-1.7321,-1.9021,-1.8794,-2.8532,-2.9109,-4.5315,-3.41,-1.2586,-1.8672,-3.152,-1.7634,-1.9225,-6.0002,-2.9089,-0.7193,-2.9927,-1.9754,-0.9998,-0.0,-0.809,-1.8054,-1.5529,-0.0873,-0.2588,-0.9998,-1.6581,-1.1472,-1.4335,-0.9903,-1.2202,-0.8269,-0.6749,-1.4984,-3.5952,-2.364,-0.4695,-0.8452,-2.084,-1.8054,-0.3907,-0.0698,0.0,0.0,0.0,0.0,0.0,0.0,0.0,0.0,0.0,0.0,0.0,0.0,0.0,0.0,0.0,0.0,0.0,0.0,0.0
-0.7986,-3.0091,-3.694,-3.5267,-3.2678,-3.6053,-3.5,-3.6319,-2.5357,-2.6302,-2.5357,-2.6496,-3.2803,-3.7157,-4.5283,-3.7735,-4.0451,-1.841,-1.9406,-1.989,-1.9924,-0.9986,-0.9613,-0.8829,-1.8126,-1.9924,-1.9406,-4.455,-4.9081,-2.9886,-0.8387,-0.9998,-0.9925,-0.9994,-0.9744,-1.6961,-4.7276,-4.316,-0.4358,-0.9877,-1.1756,-0.454,-0.6561,-0.6018,-0.4226,-1.9284,-6.237,-4.6679,-1.8271,-1.6961,-0.9816,-0.9945,-0.4693,-0.2588,-0.8988,-0.6959,-1.8054,-0.4158,-0.0523,-0.2437,-0.809,-0.4384,-0.4848,-0.7431,-0.0349,-0.7071,0.0,0.0,0.0,0.0,0.0,0.0,0.0,0.0,0.0,0.0,0.0,0.0,0.0,0.0,0.0,0.0,0.0,0.0,0.0
-3.2361,-3.694,-4.1145,-3.0783,-2.2368,-3.3552,-4.0,-2.5357,-1.816,-1.8779,-2.0602,-2.2368,-2.5173,-3.4733,-5.0354,-5.44,-6.3891,-2.6488,-2.7816,-2.9344,-2.9109,-2.9344,-2.8532,-1.9021,-1.841,-1.9696,-1.8544,-1.9988,-2.9544,-2.7615,-0.8988,-0.9703,-1.9563,-1.9225,-1.364,-0.4499,-3.8975,-3.845,-2.8838,-1.9126,-0.6561,-1.4387,-2.9109,-1.9754,-1.841,-2.8191,-3.9903,-2.9836,-0.9336,-0.454,-0.4695,-1.5094,-2.2641,-0.0349,-1.8126,-0.8998,-0.9455,-0.3907,-0.2756,-0.0,-0.309,-0.4695,-0.1564,-0.7314,-0.9613,-0.809,0.0,0.0,0.0,0.0,0.0,0.0,0.0,0.0,0.0,0.0,0.0,0.0,0.0,0.0,0.0,0.0,0.0,0.0,0.0
-5.3623,-5.2485,-4.4735,-2.5173,-2.046,-3.4415,-4.3571,-2.796,-1.847,-1.847,-1.9682,-2.046,-2.158,-2.9254,-5.9452,-6.1284,-7.0921,-3.3547,-3.5318,-3.5952,-3.4985,-2.4575,-1.4863,-2.2641,-1.7143,-1.782,-1.8672,-2.0,-2.7816,-1.9406,-1.9805,-1.9754,-2.8007,-2.9726,-2.5441,-1.362,-0.5847,-1.3383,-0.0,-0.7431,-0.0,-0.5878,-0.0,-0.9205,-0.5878,-0.2079,-0.2756,-0.3584,-0.3746,-0.2419,-0.9998,-0.9848,-0.9272,-0.0349,-2.7786,-0.2615,-0.9767,-0.9962,-1.6773,-2.5981,-1.8672,-1.9851,-2.6488,-3.4287,-2.9927,-3.8637,0.0,0.0,0.0,0.0,0.0,0.0,0.0,0.0,0.0,0.0,0.0,0.0,0.0,0.0,0.0,0.0,0.0,0.0,0.0
-1.5094,-2.046,-1.847,-1.9284,-1.8054,-1.6776,-1.6339,-1.7634,-1.2313,-1.847,-1.888,-1.9682,-1.3893,-2.084,-5.7547,-5.9452,-3.1945,-3.2766,-2.516,-3.3922,-3.3547,-2.4271,-2.1941,-1.9682,-1.2313,-1.1184,-1.2586,-1.2313,-1.0301,-1.2856,-0.866,-1.7143,-1.6773,-1.6773,-1.7659,-2.7615,-1.618,-1.4627,-0.1908,-0.515,-0.9659,-0.9659,-0.9816,-0.454,-0.1736,-0.8387,-0.9455,-1.6581,-0.9986,-0.8988,-0.7431,-0.829,-0.766,-0.9925,-1.5543,-1.7143,-1.782,-0.766,-0.309,-0.3816,-0.5,-1.6773,-0.9455,-0.9272,-0.7492,-0.1395,0.0,0.0,0.0,0.0,0.0,0.0,0.0,0.0,0.0,0.0,0.0,0.0,0.0,0.0,0.0,0.0,0.0,0.0,0.0
-0.6293,-0.6293,-0.5446,-1.0,-0.8135,-0.7492,-0.7492,-0.8135,-0.454,-1.0,-1.4544,-1.0,-1.1184,-1.7207,-4.9253,-5.353,-2.084,-1.5543,-1.6383,-3.2361,-3.1945,-2.3314,-2.2294,-2.1941,-1.9682,-1.847,-1.1756,-1.0598,-0.9696,-0.908,-0.9696,-1.1472,-1.1184,-1.4142,-0.866,-1.9754,-2.0,-1.9924,-1.9805,-0.9659,-0.5736,-0.0349,-0.2756,-0.0,-0.4067,-0.1392,-0.0,-0.7547,-0.1908,-0.848,-0.848,-1.8672,-0.9613,-0.7431,-0.454,-0.9925,-1.3383,-1.2856,-1.3383,-1.6383,-0.866,-0.9998,-0.4695,-0.309,-0.225,-0.8135,0.0,0.0,0.0,0.0,0.0,0.0,0.0,0.0,0.0,0.0,0.0,0.0,0.0,0.0,0.0,0.0,0.0,0.0,0.0
-0.342,-0.3584,-0.3746,-0.7167,-0.7167,-0.7167,-0.7167,-1.0751,-1.0261,-1.0751,-0.8452,-1.2202,-1.5629,-1.6269,-2.8472,-2.7239,-1.5451,-1.1472,-1.2586,-2.5712,-2.7786,-2.1213,-2.2294,-2.3314,-2.2294,-2.2641,-2.2981,-2.2981,-2.1941,-1.364,-1.2036,-1.0,-0.5592,-0.8767,-0.8767,-1.4387,-2.6964,-2.8978,-2.9836,-1.9487,-1.9805,-2.9109,-2.9109,-1.9851,-0.9976,-0.0,-0.9455,-0.9135,-0.515,-0.8829,-0.2419,-0.9744,-0.9848,-1.7976,-1.5094,-1.4387,-1.576,-1.0301,-0.5446,-0.8192,-0.4067,-0.3256,-0.7492,-0.618,-0.1047,-0.1392,0.0,0.0,0.0,0.0,0.0,0.0,0.0,0.0,0.0,0.0,0.0,0.0,0.0,0.0,0.0,0.0,0.0,0.0,0.0
-0.4158,-0.4838,-0.5513,-0.309,-0.3256,-0.3256,-0.6511,-1.1025,-1.6935,-1.4619,-0.8135,-1.1722,-2.6222,-2.8472,-1.4544,-1.5451,-1.0598,-1.1756,-1.1184,-1.9392,-1.816,-1.9392,-2.2943,-2.0074,-2.1213,-2.2294,-2.364,-2.3959,-2.364,-2.5441,-2.4871,-1.576,-1.364,-0.8767,-1.9392,-2.3511,-4.774,-4.2402,-3.8975,-1.9754,-0.9397,-0.7986,-0.6947,-1.6581,-1.7492,-1.9851,-0.9877,-0.9703,-0.9976,-1.576,-1.6773,-1.6383,-0.9816,-0.7071,-0.225,-0.225,-0.309,-0.4067,-0.6157,-0.6293,-0.7071,-0.6561,-0.5,-0.5513,-0.684,-1.0893,0.0,0.0,0.0,0.0,0.0,0.0,0.0,0.0,0.0,0.0,0.0,0.0,0.0,0.0,0.0,0.0,0.0,0.0,0.0
-0.1045,-0.1564,-0.3816,-0.2079,-0.225,-0.6237,-0.8682,-1.1449,-1.3357,-1.5529,-1.5451,-1.7101,-1.9537,-2.3474,-2.1197,-2.2943,-1.2313,-1.2586,-1.3383,-1.8054,-1.7634,-1.5898,-1.5451,-1.5451,-1.0893,-1.9682,-2.2641,-2.3959,-2.516,-2.6964,-2.7615,-2.7615,-3.4287,-3.6568,-3.7735,-3.0188,-3.0642,-2.5981,-2.0,-1.0,-0.9135,-0.7547,-1.2856,-1.0,-0.515,-0.5592,-0.7986,-0.9613,-1.576,-1.4142,-0.7771,-0.2419,-0.1564,-0.6428,-0.3256,-0.0523,-0.225,-0.0,-0.6428,-0.809,-0.6428,-0.7314,-0.5446,-0.9696,-1.2856,-1.4142,0.0,0.0,0.0,0.0,0.0,0.0,0.0,0.0,0.0,0.0,0.0,0.0,0.0,0.0,0.0,0.0,0.0,0.0,0.0
-0.0872,-0.1392,-0.1564,-0.1564,-0.1908,-0.5226,-0.4883,-0.8362,-1.2515,-1.7996,-2.3294,-2.7362,-2.1197,-2.4073,-2.4626,-1.888,-1.3383,-1.364,-1.3893,-1.4387,-2.084,-2.046,-1.3121,-1.2586,-1.7634,-1.7634,-1.847,-1.4863,-2.5715,-2.7406,-2.9344,-5.4813,-5.44,-4.7918,-4.2858,-1.7143,-1.7659,-0.9848,-0.891,-0.9272,-0.8192,-1.6961,-2.6488,-2.7615,-1.9487,-1.9973,-1.9696,-1.891,-1.8126,-0.8572,-0.9744,-0.6157,-0.0872,-0.1564,-0.309,-0.5299,-0.0349,-0.9063,-0.8572,-0.9903,-0.9272,-0.9135,-0.3584,-0.3256,-0.515,-0.6947,0.0,0.0,0.0,0.0,0.0,0.0,0.0,0.0,0.0,0.0,0.0,0.0,0.0,0.0,0.0,0.0,0.0,0.0,0.0
-0.0698,-0.1045,-0.1392,-0.3129,-0.3136,-0.2093,-0.279,-0.4181,-0.5567,-0.4875,-0.4883,-0.6101,-0.7815,-1.1472,-1.3121,-2.046,-2.046,-1.9682,-1.847,-1.888,-1.3383,-1.9682,-1.3383,-2.046,-2.0074,-1.2856,-1.2586,-1.3893,-2.3959,-2.7189,-4.6679,-5.2477,-4.8541,-3.3162,-2.8532,-1.8794,-1.891,-1.989,-2.9959,-2.9708,-2.9927,-3.9976,-3.9945,-2.9995,-1.9754,-1.989,-1.989,-1.9988,-0.9986,-0.9986,-0.9848,-0.7547,-0.225,-0.225,-0.4695,-0.2756,-0.3907,-0.9781,-0.8988,-0.8746,-0.9986,-0.9511,-0.7071,-1.1184,-0.4695,-0.3584,0.0,0.0,0.0,0.0,0.0,0.0,0.0,0.0,0.0,0.0,0.0,0.0,0.0,0.0,0.0,0.0,0.0,0.0,0.0
0.0,-0.0698,-0.1045,-0.1045,-0.0524,-0.0524,-0.0524,-0.0524,-0.1047,-0.157,-0.2615,-0.3129,-0.5176,-0.8452,-0.5736,-0.6428,-1.9284,-1.847,-1.6776,-1.0301,-1.1184,-1.2036,-1.1472,-1.0893,-1.2036,-1.3383,-2.158,-2.3314,-2.364,-3.2361,-5.0883,-5.2977,-4.3731,-2.7615,-1.9225,-1.9406,-1.9225,-2.9231,-3.9508,-3.9611,-3.9848,-2.9631,-2.9631,-1.9633,-0.9816,-0.9976,-0.9986,-0.9816,-0.9976,-0.9781,-0.866,-0.682,-0.4384,-0.2079,-0.1564,-0.2419,-0.4848,-0.9063,-0.9397,-2.673,-0.9397,-0.9613,-0.6691,-0.682,-1.3893,-1.5543,0.0,0.0,0.0,0.0,0.0,0.0,0.0,0.0,0.0,0.0,0.0,0.0,0.0,0.0,0.0,0.0,0.0,0.0,0.0
-0.2783,-0.1743,-0.1047,-0.1047,-0.2093,-0.3656,-0.3136,-0.1395,-0.0698,-0.0524,0.0,-0.0698,-0.2091,-0.4838,-0.908,-1.847,-1.9682,-1.888,-1.7634,-1.1184,-1.0893,-1.0893,-1.7634,-1.2856,-1.2313,-1.1756,-1.1472,-1.4863,-2.516,-3.3922,-4.2402,-4.455,-4.5677,-3.7588,-2.8532,-2.8838,-2.9231,-3.9126,-3.9126,-2.8978,-2.9231,-2.9544,-1.9805,-0.9945,-0.9994,-0.9945,-1.9696,-1.9487,-1.8794,-1.7492,-1.5543,-0.7071,-0.6428,-0.6157,-0.809,-0.9613,-0.9272,-0.9272,-1.9754,-1.9487,-0.9816,-1.9924,-0.8572,-0.788,-0.6947,-1.618,0.0,0.0,0.0,0.0,0.0,0.0,0.0,0.0,0.0,0.0,0.0,0.0,0.0,0.0,0.0,0.0,0.0,0.0,0.0
-0.618,-0.5847,-0.5176,-0.4838,-0.4838,-0.5724,-0.5209,-0.1219,-0.0523,-0.0698,-0.157,0.0,-0.0349,-0.0698,-0.3136,-0.8771,-1.362,-1.6339,-1.2036,-1.1184,-0.9389,-1.2202,-1.8779,-1.2586,-1.4142,-1.4863,-1.3121,-1.1472,-1.3893,-2.5981,-4.5677,-4.6359,-4.6985,-4.7815,-4.8296,-4.8515,-3.9392,-3.9392,-3.9265,-1.9563,-1.9563,-1.9805,-1.9997,-0.9998,-1.8672,-1.9021,-2.8532,-2.673,-2.3959,-2.3314,-2.3314,-0.766,-0.766,-0.866,-0.9659,-0.9744,-0.9205,-0.9659,-0.9563,-0.9511,-0.9945,-0.9962,-0.9744,-0.891,-0.848,-0.8387,0.0,0.0,0.0,0.0,0.0,0.0,0.0,0.0,0.0,0.0,0.0,0.0,0.0,0.0,0.0,0.0,0.0,0.0,0.0
-0.7815,-0.7492,-0.7167,-0.6511,-0.5513,-0.4838,-0.4499,-0.1736,-0.1219,-0.1743,-0.1047,-0.0349,-0.1743,-0.1743,-0.1395,-0.2437,-0.4499,-0.684,-0.908,-0.9696,-0.7492,-0.8269,-1.3023,-1.2036,-1.5973,-1.618,-2.364,-2.158,-1.847,-2.2641,-3.6252,-4.8296,-4.8907,-3.9508,-2.9631,-3.9611,-3.9848,-3.9781,-3.9781,-1.989,-1.9754,-2.0,-1.9997,-2.8366,-1.9225,-1.989,-1.9406,-1.7659,-1.5543,-1.4142,-1.364,-0.7071,-0.7547,-0.8988,-0.9205,-0.891,-0.9511,-0.9998,-0.9703,-0.9962,-0.9994,-0.9976,-0.9455,-0.866,-0.8192,-0.7193,0.0,0.0,0.0,0.0,0.0,0.0,0.0,0.0,0.0,0.0,0.0,0.0,0.0,0.0,0.0,0.0,0.0,0.0,0.0
-0.4695,-0.454,-0.454,-0.4067,-0.3584,-0.3256,-0.2924,-0.2588,-0.225,-0.1564,-0.0872,-0.0698,-0.1047,-0.1743,-0.2437,-0.3129,-0.3816,-0.5513,-0.684,-0.7815,-0.618,-0.6237,-0.7765,-1.2856,-1.6961,-1.6773,-2.4871,-2.2981,-1.9682,-2.1213,-3.682,-3.9392,-3.9945,-2.9982,-1.9973,-1.9988,-4.0,-3.9994,-3.9976,-1.9973,-1.9951,-1.9924,-2.9836,-2.9109,-1.9851,-1.9973,-0.9455,-0.8387,-0.809,-0.766,-0.6561,-0.6018,-0.6157,-0.7193,-0.8829,-0.9703,-0.9962,-0.9986,-0.9986,-0.9816,-0.9135,-0.829,-0.7771,-0.7431,-0.7071,-0.7547,0.0,0.0,0.0,0.0,0.0,0.0,0.0,0.0,0.0,0.0,0.0,0.0,0.0,0.0,0.0,0.0,0.0,0.0,0.0
