wind/fgs1.json
{"header": { "gridUnits": "degrees", "gribLength": 132662, "parameterNumberName": "V-component_of_wind", "genProcessType": 2, "forecastTime": 9, "surface1Value": 50000, "significanceOfRT": 1, "productDefinitionTemplate": 0, "disciplineName": "Meteorological products", "surface2Value": 0, "parameterUnit": "m.s-1", "productType": 1, "parameterNumber": 3, "la2": -90, "gridDefinitionTemplate": 0, "significanceOfRTName": "Start of forecast", "surface1TypeName": "Isobaric surface", "productTypeName": "Forecast products", "ny": 181, "resolution": 48, "lo2": 359, "dy": 1, "scanMode": 0, "productStatusName": "Operational products", "surface2Type": 255, "gridDefinitionTemplateName": "Latitude_Longitude", "shape": 6, "refTime": "2014-03-04T06:00:00.000Z", "surface2TypeName": "Missing", "surface1Type": 100, "centerName": "US National Weather Service - NCEP(WMC)", "la1": 90, "shapeName": "Earth spherical with radius of 6,371,229.0 m", "gribEdition": 2, "winds": "true", "numberPoints": 65160, "nx": 360, "subcenter": 0, "basicAngle": 0, "discipline": 0, "productStatus": 0, "center": 7, "productDefinitionTemplateName": "Analysis/forecast at horizontal level/layer at a point in time", "parameterCategory": 2, "parameterCategoryName": "Momentum", "genProcessTypeName": "Forecast", "dx": 1, "lo1": 0, "subDivisions": 0 }, "data":
[rows 76 to 113 of 181, columns 85 to 169 of 360]
-0.6018,-0.5878,-0.5446,-0.5,-0.454,-0.4067,-0.3584,-0.3256,-0.309,-0.2756,-0.4499,-0.3473,-0.1743,0.0,-0.1047,-0.2783,-0.4158,-0.5513,-0.684,-0.6511,-0.4838,-0.3473,-0.5513,-0.7193,-0.8746,-1.7492,-1.7492,-1.6581,-1.5094,-1.5973,-2.9109,-3.0,-3.9508,-2.9109,-1.9225,-1.9487,-2.9708,-2.9836,-2.9982,-3.0,-1.9988,-1.9924,-1.9633,-1.9487,-2.9708,-1.9696,-1.8672,-1.618,-1.5321,-1.4387,-1.3383,-1.2586,-1.2856,-0.7771,-0.9613,-0.9945,-0.9994,-0.9998,-0.9962,-1.9225,-0.9613,-0.9205,-1.7321,-0.829,-0.8192,-0.766,0.0,0.0,0.0,0.0,0.0,0.0,0.0,0.0,0.0,0.0,0.0,0.0,0.0,0.0,0.0,0.0,0.0,0.0,0.0
-0.6293,-0.6018,-0.5736,-0.5446,-0.515,-0.5,-0.4695,-0.4384,-0.3907,-0.684,-0.618,-0.5513,-0.4499,-0.3129,-0.1047,-0.0698,-0.1736,-0.3256,-0.3907,-0.342,-0.1908,-0.2419,-0.5592,-0.8829,-0.9272,-0.9272,-0.9397,-0.9205,-0.9205,-0.9903,-0.9816,-1.8544,-2.673,-2.6239,-2.6239,-1.7659,-1.841,-1.9487,-2.9708,-2.9544,-1.9851,-1.9851,-1.9633,-1.9126,-2.8007,-2.7615,-2.6239,-2.2641,-2.158,-1.5321,-1.576,-1.5321,-1.7143,-0.9703,-0.9994,-0.9986,-0.9998,-0.9816,-0.9455,-0.9135,-0.9135,-0.8829,-0.809,-1.576,-2.3959,-1.6383,0.0,0.0,0.0,0.0,0.0,0.0,0.0,0.0,0.0,0.0,0.0,0.0,0.0,0.0,0.0,0.0,0.0,0.0,0.0
-0.6691,-0.6561,-0.6428,-0.6018,-0.5736,-0.5446,-0.5446,-1.0598,-0.9696,-0.8767,-0.8135,-0.7492,-0.7167,-0.618,-0.5176,-0.3473,-0.0349,-0.225,-0.454,-0.454,-0.2924,-0.342,-0.766,-0.9848,-0.9903,-0.9877,-0.9962,-0.9994,-0.9703,-0.8387,-0.7431,-1.4627,-2.2641,-2.3314,-2.4271,-2.516,-1.7976,-1.8672,-1.841,-1.9406,-1.9924,-1.8794,-2.673,-2.4575,-2.364,-2.364,-2.4271,-2.364,-2.1941,-2.4271,-1.7492,-1.782,-0.9877,-0.9976,-1.9988,-1.9851,-1.8794,-1.7321,-1.618,-1.5321,-1.5973,-1.6383,-1.6383,-1.618,-2.3959,-2.3959,0.0,0.0,0.0,0.0,0.0,0.0,0.0,0.0,0.0,0.0,0.0,0.0,0.0,0.0,0.0,0.0,0.0,0.0,0.0
-0.7071,-0.6947,-0.6947,-0.6947,-0.682,-0.6691,-0.6157,-1.1756,-1.1184,-1.0893,-1.0598,-1.0301,-1.5898,-1.5451,-1.5,-0.9389,-0.342,-0.0698,-0.4384,-0.6428,-0.5736,-0.5299,-0.891,-1.0,-0.9986,-0.9877,-0.9613,-0.891,-0.788,-0.7071,-0.682,-0.7314,-1.5321,-1.576,-1.618,-1.7143,-1.7492,-1.782,-1.9487,-1.9951,-2.7816,-2.5715,-1.7492,-1.7321,-2.516,-2.5715,-2.7406,-2.6964,-2.7406,-2.9344,-1.989,-0.9998,-0.9962,-0.9962,-1.9563,-1.8794,-1.8271,-2.673,-2.673,-2.6239,-2.5441,-2.3959,-1.4627,-1.364,-1.364,-1.4627,0.0,0.0,0.0,0.0,0.0,0.0,0.0,0.0,0.0,0.0,0.0,0.0,0.0,0.0,0.0,0.0,0.0,0.0,0.0
-0.7193,-0.7071,-0.7193,-0.7314,-0.7314,-0.7071,-0.6947,-1.3383,-1.9682,-1.9284,-1.888,-1.847,-1.8054,-1.1756,-1.1756,-1.2036,-0.6018,-0.5592,-0.1392,-0.6947,-0.9744,-0.9903,-0.9205,-0.8192,-0.9135,-0.9455,-0.9397,-0.9063,-0.8829,-0.8746,-1.7321,-1.7143,-1.7143,-1.7143,-1.7321,-1.7321,-1.7492,-1.9021,-1.989,-1.9988,-1.8544,-1.6961,-0.9659,-0.9816,-0.9903,-1.9973,-1.9924,-1.9924,-1.9563,-1.8794,-1.9126,-1.8672,-1.7976,-1.7659,-1.7659,-1.7321,-1.6961,-1.6383,-2.364,-2.158,-1.888,-1.7634,-1.7207,-1.0893,-1.0,-0.908,0.0,0.0,0.0,0.0,0.0,0.0,0.0,0.0,0.0,0.0,0.0,0.0,0.0,0.0,0.0,0.0,0.0,0.0,0.0
-0.7547,-0.7071,-0.7193,-0.7547,-0.766,-0.7547,-0.7071,-1.4142,-2.1213,-2.084,-2.046,-2.046,-2.084,-1.4142,-1.4142,-0.7431,-0.7547,-0.788,-0.7771,-0.6018,-0.9063,-0.9962,-0.8988,-0.6561,-0.5299,-0.6018,-0.766,-0.848,-0.891,-1.7976,-1.7976,-1.782,-1.8126,-1.8672,-1.8544,-1.8271,-1.891,-1.9487,-1.9997,-1.9319,-0.8829,-0.866,-0.9336,-0.9925,-0.9063,-1.5543,-1.5543,-0.7431,-1.4387,-1.5321,-1.4142,-1.3121,-1.4142,-1.5321,-1.4863,-2.158,-2.046,-1.9284,-1.7207,-1.6776,-1.6339,-1.5451,-1.4084,-1.3151,-1.2679,-0.8135,0.0,0.0,0.0,0.0,0.0,0.0,0.0,0.0,0.0,0.0,0.0,0.0,0.0,0.0,0.0,0.0,0.0,0.0,0.0
-0.6947,-0.6293,-0.7193,-0.829,-0.809,-0.7431,-0.7071,-1.4142,-2.1941,-2.2294,-2.2641,-2.2981,-2.2981,-1.5094,-1.5321,-0.7986,-0.809,-0.8387,-0.891,-0.9135,-0.829,-0.1219,-0.9781,-0.9659,-0.9205,-0.8572,-0.7431,-0.7193,-0.7193,-1.5321,-1.6581,-1.782,-1.8271,-1.8672,-1.8672,-1.891,-1.9487,-1.9851,-0.9945,-0.9397,-0.5299,-0.1736,-0.0349,-0.0349,-0.1045,-0.1908,-0.2924,-0.4848,-1.2313,-1.2586,-1.364,-1.5321,-2.3314,-2.2641,-2.158,-2.046,-1.9284,-1.8054,-1.6776,-1.5451,-1.4084,-1.2679,-1.0751,-0.9271,-0.8269,-0.5176,0.0,0.0,0.0,0.0,0.0,0.0,0.0,0.0,0.0,0.0,0.0,0.0,0.0,0.0,0.0,0.0,0.0,0.0,0.0
-0.766,-0.7771,-0.9205,-0.9205,-0.8572,-0.829,-0.8387,-1.6773,-1.6773,-1.6773,-1.6773,-1.6773,-1.6581,-1.6581,-1.6961,-1.7143,-0.891,-0.9272,-1.9319,-0.9848,-0.9945,-0.9994,-0.9397,-0.682,-0.9816,-1.9754,-1.9633,-1.9319,-1.8794,-1.8544,-1.8672,-1.841,-1.841,-1.8794,-1.9126,-1.891,-1.9225,-1.8672,-1.5973,-1.2856,-0.7071,-0.7547,-1.5321,-1.5321,-1.364,-1.1472,-0.9389,-0.3584,-0.2419,-0.8135,-1.0,-1.0301,-1.362,-1.2679,-1.1238,-1.0751,-1.1238,-1.1238,-1.1722,-1.2202,-1.0751,-0.8771,-0.6749,-0.6237,-0.4499,-0.5176,0.0,0.0,0.0,0.0,0.0,0.0,0.0,0.0,0.0,0.0,0.0,0.0,0.0,0.0,0.0,0.0,0.0,0.0,0.0
-1.7321,-6.7615,-3.9265,-0.8829,-0.866,-0.8746,-0.866,-0.8572,-1.6961,-1.7321,-1.7321,-1.7492,-1.7492,-1.7492,-1.7976,-1.8544,-1.9021,-2.9231,-1.9805,-0.9962,-0.9998,-0.9925,-0.9659,-0.8988,-0.7071,-0.3746,-0.9455,-1.9851,-1.9851,-1.989,-1.9851,-1.9851,-1.9851,-1.9563,-1.9021,-1.9126,-1.891,-1.782,-1.618,-1.4863,-1.1756,-0.7167,-0.3584,-0.908,-0.9696,-0.9696,-0.9696,-0.908,-0.8767,-0.7167,-0.4158,-0.6237,-0.6749,-0.5209,-0.3656,-0.2093,-0.3656,-0.5724,-0.6237,-0.5209,-0.5724,-0.6749,-0.7258,-0.6237,-0.3129,-0.3816,0.0,0.0,0.0,0.0,0.0,0.0,0.0,0.0,0.0,0.0,0.0,0.0,0.0,0.0,0.0,0.0,0.0,0.0,0.0
-1.8271,-0.9272,-0.9135,-0.9063,-0.9063,-0.8988,-0.8988,-0.8988,-1.8271,-1.8672,-1.891,-1.8544,-3.6542,-2.7615,-2.8366,-2.8532,-2.9109,-2.9776,-3.0,-0.9998,-0.9998,-0.9976,-0.9877,-0.9563,-1.8126,-0.7771,-0.6561,-0.4695,-0.9563,-1.9924,-1.9973,-2.9836,-1.9487,-2.8191,-2.8007,-1.8271,-2.5981,-1.618,-1.4863,-1.4142,-1.4142,-1.3893,-1.4387,-1.4627,-1.3893,-1.3121,-1.2036,-1.6776,-1.5451,-1.2202,-0.7765,-0.3656,-0.2093,-0.1047,0.0,-0.1047,-0.1395,-0.2093,-0.157,-0.3136,-0.2783,-0.1047,-0.1743,-0.4158,-0.4838,-0.1564,0.0,0.0,0.0,0.0,0.0,0.0,0.0,0.0,0.0,0.0,0.0,0.0,0.0,0.0,0.0,0.0,0.0,0.0,0.0
-0.9272,-0.9336,-0.9397,-0.9397,-0.9455,-0.9455,-0.9397,-1.8544,-1.8672,-2.8191,-5.7378,-5.7676,-5.7378,-2.7816,-2.8689,-2.9344,-2.9708,-2.9927,-2.9982,-1.9988,-1.9988,-1.9988,-1.9973,-1.9696,-1.891,-1.782,-1.6961,-0.766,-0.5736,-0.0698,-0.5878,-1.3893,-1.4142,-2.2294,-2.2641,-2.2294,-2.2294,-2.3314,-2.364,-2.2981,-1.9682,-1.6776,-0.7815,-0.3129,-0.1047,-0.0349,-0.0698,-0.2437,-0.7258,-0.6237,-0.157,-0.5209,-0.7765,-0.4175,-0.157,-0.1047,-0.0524,-0.5724,-0.9767,-0.5513,-0.1743,-0.0698,-0.1743,-0.2783,0.0,-0.2079,0.0,0.0,0.0,0.0,0.0,0.0,0.0,0.0,0.0,0.0,0.0,0.0,0.0,0.0,0.0,0.0,0.0,0.0,0.0
-0.9272,-0.9272,-0.9272,-0.9272,-0.9272,-0.9205,-0.8988,-0.8572,-1.6773,-2.5981,-7.6085,-8.8633,-7.9221,-2.9449,-2.9344,-2.9631,-2.9708,-2.9631,-2.9708,-2.9544,-2.9708,-2.0,-1.9851,-1.9563,-1.9126,-1.8672,-1.782,-1.7321,-1.6773,-1.3121,-0.4838,-0.157,-0.2615,-0.157,-0.0524,-0.1047,-0.3136,-0.1047,0.0,-0.1047,-0.4175,-0.6749,-0.8771,-0.9767,-0.7258,-0.4693,-0.2093,-0.1047,-0.2437,-0.2615,-0.3136,-0.2093,-0.3473,-0.6749,-0.6237,-0.3473,-0.2091,-0.8269,-0.7167,-0.3129,-0.4838,-0.3129,-0.3129,-0.2588,-0.0698,-0.4838,0.0,0.0,0.0,0.0,0.0,0.0,0.0,0.0,0.0,0.0,0.0,0.0,0.0,0.0,0.0,0.0,0.0,0.0,0.0
-0.9397,-0.9397,-0.9455,-1.9319,-1.9225,-1.891,-1.891,-2.7615,-1.7492,-2.7406,-5.8462,-7.9562,-7.9805,-2.9708,-2.9631,-2.9631,-2.9708,-2.9836,-2.9836,-2.9836,-2.9995,-2.9631,-2.9109,-2.8978,-2.8978,-2.8191,-2.6488,-2.6239,-1.7492,-1.576,-1.0598,-0.4175,-0.0524,-0.0698,-0.3486,-0.5724,-0.6237,-0.4693,-0.5724,-0.7258,-0.6237,-0.3656,-0.2615,-0.2093,-0.157,-0.0698,-0.0349,-0.3136,-0.8998,-0.8269,-1.0261,-0.7765,-0.3136,-0.3136,-0.3473,-0.3473,-0.0349,-0.2091,-0.3473,-0.1047,-0.2437,-0.1736,-0.2437,-0.2783,-0.1392,-0.2924,0.0,0.0,0.0,0.0,0.0,0.0,0.0,0.0,0.0,0.0,0.0,0.0,0.0,0.0,0.0,0.0,0.0,0.0,0.0
-0.9511,-0.9455,-0.9336,-3.9126,-6.8937,-6.9319,-5.9671,-4.9627,-1.9563,-1.9319,-1.9126,-5.9261,-7.9951,-4.9992,-2.9982,-2.9959,-2.9959,-2.9959,-2.9959,-2.9995,-2.9886,-2.9708,-2.9449,-2.9344,-2.9109,-2.8007,-2.673,-2.7406,-1.8271,-1.6773,-1.4142,-0.5847,-0.0524,0.0,-0.2093,-0.4693,-0.6237,-0.4693,-0.4693,-0.7258,-0.5847,-0.4158,-0.3136,-0.0524,-0.2093,-0.7258,-0.8771,-0.5724,-0.157,-0.2093,-0.3136,-0.3136,-0.4175,-0.2091,-0.1392,-0.1908,-0.0349,-0.4158,-0.7492,-0.9696,-0.9696,-0.6511,-0.225,-0.2756,-0.1392,-0.1736,0.0,0.0,0.0,0.0,0.0,0.0,0.0,0.0,0.0,0.0,0.0,0.0,0.0,0.0,0.0,0.0,0.0,0.0,0.0
-2.9776,-2.9776,-2.9836,-3.9976,-5.9963,-5.9772,-5.9261,-3.9702,-3.9976,-2.9886,-1.9633,-2.9836,-4.9992,-2.9995,-2.9982,-2.9959,-2.9959,-2.9959,-3.0,-3.0,-2.9959,-2.9631,-2.9231,-2.9109,-2.8689,-2.7615,-2.7615,-2.8978,-1.9021,-1.7976,-1.7321,-1.1472,-0.3656,-0.279,-0.3136,-0.2093,-0.2615,-0.3136,-0.2615,-0.3136,-0.3129,-0.4175,-0.6237,-0.7765,-0.5209,-0.4693,-0.3656,-0.2437,-0.6749,-0.7765,-0.8269,-0.3473,-0.0698,-0.0349,-0.2437,-0.4499,-0.3473,-0.0872,-0.1045,-0.0698,-0.0349,-0.1047,-0.1047,-0.3256,-0.866,0.0,0.0,0.0,0.0,0.0,0.0,0.0,0.0,0.0,0.0,0.0,0.0,0.0,0.0,0.0,0.0,0.0,0.0,0.0,0.0
-7.0,-6.9734,-6.8937,-6.847,-5.8462,-6.8206,-6.7921,-6.847,-6.9319,-4.981,-2.9982,-2.9995,-3.0,-2.9995,-3.0,-2.9995,-2.9982,-2.9995,-3.0,-2.9982,-2.9836,-2.9631,-2.9109,-2.8532,-2.8366,-2.8532,-2.8838,-2.8838,-2.7816,-1.782,-1.6581,-1.2036,-1.1722,-1.1025,-0.9271,-1.1722,-0.6749,-0.2615,-0.0524,-0.1047,0.0,-0.0349,-0.4693,-1.3681,-1.1722,-1.0751,-1.3151,-1.1238,-0.3656,-0.1047,-0.1743,-0.3473,-0.2091,-0.1564,-0.1908,-0.0698,-0.2091,-0.1736,-0.2588,-0.4838,-0.3473,-0.0349,-0.5299,-0.9397,-0.9455,-0.9063,0.0,0.0,0.0,0.0,0.0,0.0,0.0,0.0,0.0,0.0,0.0,0.0,0.0,0.0,0.0,0.0,0.0,0.0,0.0
-7.9562,-6.8714,-6.7615,-6.7615,-6.7615,-6.6941,-6.6941,-6.8206,-6.8937,-5.9261,-4.981,-2.9995,-1.9924,-4.8907,-5.8462,-5.8689,-4.9384,-2.9776,-2.9886,-2.9927,-2.9631,-2.9231,-2.8532,-2.8366,-2.8532,-2.7816,-2.8007,-2.8366,-2.8007,-2.8191,-1.8126,-1.3383,-1.2202,-1.2361,-1.6269,-1.6776,-1.5451,-1.0261,-0.7258,-0.8771,-1.0751,-0.9767,-1.1695,-0.4499,-0.5513,-0.8269,-0.7765,-0.618,-0.7258,-0.157,-0.2093,-0.5209,-1.3023,-1.2202,-0.7258,-0.3129,-0.7815,-0.9455,-0.454,-0.7815,-0.7431,-0.9703,-0.9744,-0.2756,-0.4695,-0.6947,0.0,0.0,0.0,0.0,0.0,0.0,0.0,0.0,0.0,0.0,0.0,0.0,0.0,0.0,0.0,0.0,0.0,0.0,0.0
-7.7624,-6.7921,-6.7921,-6.7615,-6.6574,-6.5778,-6.6186,-6.7288,-6.7921,-6.8714,-5.9671,-2.9959,-2.9836,-5.8898,-7.8252,-7.795,-6.8206,-2.9631,-2.9776,-2.9708,-2.9231,-2.8838,-2.8532,-2.8689,-2.8366,-2.7189,-2.7189,-2.8007,-2.8366,-1.8271,-2.4575,-2.046,-1.8054,-1.4084,-0.8771,-0.8269,-0.9389,-0.908,-0.5209,-0.7765,-1.4084,-1.2202,-0.5513,-0.4838,-0.6749,-0.6237,-0.6237,-0.1395,-0.1743,-0.4185,-0.6101,-0.0698,-0.3486,-0.4181,-1.0353,-0.1564,-0.6691,-0.766,-0.0523,-0.1045,-0.2079,-0.0349,-0.4226,-0.7314,-0.788,-0.9925,0.0,0.0,0.0,0.0,0.0,0.0,0.0,0.0,0.0,0.0,0.0,0.0,0.0,0.0,0.0,0.0,0.0,0.0,0.0
-8.7327,-8.6514,-7.6901,-6.6574,-6.5351,-6.5351,-6.6574,-6.7615,-6.847,-5.9088,-4.924,-2.9544,-2.9631,-4.9726,-5.9671,-5.9416,-4.8719,-2.9231,-2.9231,-2.9231,-2.9109,-2.8838,-3.7588,-2.8689,-3.8252,-2.7406,-2.6964,-2.8689,-2.8978,-1.8271,-1.4142,-1.5451,-1.7207,-2.3511,-2.1786,-2.0,-1.3151,-1.1238,-0.8269,-0.5209,-0.2093,-0.5209,-1.1722,-1.3151,-1.7535,-1.1722,-0.684,-0.1047,-0.3656,-1.1248,-0.8998,-0.0698,-0.7822,-0.7632,-1.362,-0.9397,-0.5736,-0.6018,-0.9205,-0.8829,-0.9816,-0.9659,-0.9659,-0.7314,-0.9816,-0.9925,0.0,0.0,0.0,0.0,0.0,0.0,0.0,0.0,0.0,0.0,0.0,0.0,0.0,0.0,0.0,0.0,0.0,0.0,0.0
-7.9015,-7.795,-8.7327,-7.6504,-6.5778,-5.6731,-6.6574,-6.6941,-6.7288,-4.8515,-2.9344,-4.8515,-6.7615,-6.7288,-6.6941,-2.9109,-2.9449,-2.9544,-2.9449,-2.9231,-2.9109,-2.9344,-2.9631,-2.9449,-6.6186,-4.5677,-2.8191,-2.9449,-2.9631,-2.8838,-1.7321,-0.7815,-0.0698,-0.2617,-1.6633,-3.6319,-5.0354,-4.1934,-1.1756,0.0,-0.835,-0.1745,-0.5567,-0.8269,-1.7535,-1.6905,-2.4404,-1.9537,-0.0698,-1.2941,-0.835,0.0,-0.1395,-0.0,-0.9976,-0.891,-0.9455,-1.8544,-0.7193,-0.8387,-0.9998,-0.9336,-0.7431,-0.9613,-0.9135,-0.4695,0.0,0.0,0.0,0.0,0.0,0.0,0.0,0.0,0.0,0.0,0.0,0.0,0.0,0.0,0.0,0.0,0.0,0.0,0.0
-5.9772,-6.9617,-7.9404,-7.9015,-6.7921,-5.6731,-6.6186,-6.6186,-6.6941,-4.8515,-3.8812,-5.6731,-5.523,-5.4378,-5.4813,-5.6015,-3.8042,-3.8252,-3.8042,-3.8042,-3.845,-2.9449,-2.9449,-2.8838,-5.7063,-4.7553,-3.9611,-3.9903,-2.9927,-3.152,-3.5967,-3.7157,-2.728,-0.6257,-3.1779,-3.8125,-3.8125,-2.1131,-0.1396,-1.6538,-0.6101,-0.1396,-0.3488,-1.4984,-0.954,-1.3357,-2.3474,-3.41,-2.9389,-1.873,-0.4838,-0.1045,-0.6018,-1.2202,-2.5712,-2.9708,-2.9109,-2.8978,-2.9886,-1.9696,-0.9563,-0.1736,-0.9613,-0.1392,-0.309,-0.4695,0.0,0.0,0.0,0.0,0.0,0.0,0.0,0.0,0.0,0.0,0.0,0.0,0.0,0.0,0.0,0.0,0.0,0.0,0.0
-5.9854,-6.0,-7.0,-6.9617,-6.7921,-5.7676,-5.8462,-5.8898,-5.9088,-5.8898,-6.6941,-6.4435,-5.4378,-6.4435,-5.4813,-5.523,-5.5631,-5.5631,-5.4813,-5.4378,-5.4813,-3.8042,-1.9563,-2.9449,-4.9081,-5.8689,-4.997,-4.9384,-3.9945,-3.1795,-4.6353,-6.8944,-7.5175,-5.4378,-1.9295,-0.471,-0.4187,-0.2792,-0.471,-0.5234,-2.2495,-2.6313,-1.5451,-0.8771,-0.6272,-0.5581,-1.3497,-1.8779,-2.3314,-2.9631,-2.9109,-1.6278,-1.3782,-1.4084,-0.7986,-0.908,-1.5,-1.8672,-1.6961,-2.084,-1.5973,-0.6561,-0.1564,-0.0349,-0.0349,-0.2437,0.0,0.0,0.0,0.0,0.0,0.0,0.0,0.0,0.0,0.0,0.0,0.0,0.0,0.0,0.0,0.0,0.0,0.0,0.0
-5.9963,-6.9904,-6.9989,-5.9854,-5.8898,-5.8218,-5.8218,-5.8462,-5.8689,-5.8218,-5.6731,-5.5631,-5.5631,-5.6382,-5.7063,-5.7378,-5.7063,-5.6015,-5.4813,-5.346,-5.4813,-4.7553,-3.8812,-3.9126,-4.8719,-5.8218,-5.9261,-5.9416,-4.7815,-3.3457,-1.9534,-1.7918,-1.989,-1.9487,-0.8682,-0.6101,-0.6093,-0.4185,-0.6278,-1.2187,-1.8712,-2.3444,-2.1213,-0.8771,-0.3664,-0.1047,-1.1025,-1.2586,-1.5094,-1.4084,-0.7765,-0.2437,-1.7492,-1.2856,-0.0349,-1.0893,-1.576,-1.5543,-2.4871,-2.6239,-2.6239,-2.4575,-2.0074,-1.2586,-0.9613,-0.9135,0.0,0.0,0.0,0.0,0.0,0.0,0.0,0.0,0.0,0.0,0.0,0.0,0.0,0.0,0.0,0.0,0.0,0.0,0.0
-5.9918,-6.9957,-5.9854,-5.9416,-4.9513,-5.9671,-5.9671,-5.9671,-4.9513,-4.9081,-4.8515,-4.8063,-4.8515,-4.924,-4.8719,-5.7063,-5.7063,-5.7063,-5.6382,-5.6015,-5.7378,-4.8296,-4.8296,-4.7553,-4.6025,-5.4813,-5.6015,-5.4378,-5.1962,-5.4378,-3.8637,-2.5441,-2.8774,-4.6359,-4.6025,-1.816,-0.0873,0.0,-0.1396,-0.7317,-1.6269,-2.364,-2.8366,-2.9544,-4.2402,-4.7918,-3.7588,-3.9781,-3.9702,-4.9384,-4.9931,-2.9959,-1.2856,-0.3129,-0.0,-1.0,-1.9754,-2.046,-1.888,-1.5094,-1.5094,-1.7143,-1.9851,-1.364,-0.5724,-0.1047,0.0,0.0,0.0,0.0,0.0,0.0,0.0,0.0,0.0,0.0,0.0,0.0,0.0,0.0,0.0,0.0,0.0,0.0,0.0
-5.9772,-6.9734,-5.9553,-4.9513,-4.9627,-4.981,-4.981,-4.981,-4.981,-4.981,-4.981,-4.9726,-4.9726,-4.9627,-4.8515,-4.7815,-4.8907,-4.924,-4.8515,-4.8063,-4.8515,-3.8812,-3.7588,-4.2858,-3.9932,-4.9742,-5.2477,-5.143,-4.7281,-5.032,-6.5351,-5.6015,-2.4626,-0.0698,-0.279,-1.6269,-1.4335,-0.4358,-2.5,-4.7918,-4.8296,-3.9508,-2.9449,-0.4384,-0.5299,-0.6561,-1.841,-1.9805,-1.0,-1.4084,-2.3959,-2.8978,-2.0,-0.8192,-0.6428,-0.1045,-0.2437,-0.0175,-1.2856,-1.8271,-1.7492,-1.7492,-0.6947,-0.6691,-0.4384,-0.1743,0.0,0.0,0.0,0.0,0.0,0.0,0.0,0.0,0.0,0.0,0.0,0.0,0.0,0.0,0.0,0.0,0.0,0.0,0.0
0.0,0.0,0.0,0.0,0.0,0.0,0.0,0.0,0.0,0.0,0.0,0.0,0.0,0.0,0.0,0.0,0.0,0.0,0.0,0.0,0.0,0.0,0.0,0.0,0.0,0.0,0.0,0.0,0.0,0.0,0.0,0.0,0.0,0.0,0.0,0.0,0.0,0.0,0.0,0.0,0.0,0.0,0.0,0.0,0.0,0.0,0.0,0.0,0.0,0.0,0.0,0.0,0.0,0.0,0.0,0.0,0.0,0.0,0.0,0.0,0.0,0.0,0.0,0.0,0.0,0.0,0.0,0.0,0.0,0.0,0.0,0.0,0.0,0.0,0.0,0.0,0.0,0.0,0.0,0.0,0.0,0.0,0.0,0.0,0.0
0.0,0.0,0.0,0.0,0.0,0.0,0.0,0.0,0.0,0.0,0.0,0.0,0.0,0.0,0.0,0.0,0.0,0.0,0.0,0.0,0.0,0.0,0.0,0.0,0.0,0.0,0.0,0.0,0.0,0.0,0.0,0.0,0.0,0.0,0.0,0.0,0.0,0.0,0.0,0.0,0.0,0.0,0.0,0.0,0.0,0.0,0.0,0.0,0.0,0.0,0.0,0.0,0.0,0.0,0.0,0.0,0.0,0.0,0.0,0.0,0.0,0.0,0.0,0.0,0.0,0.0,0.0,0.0,0.0,0.0,0.0,0.0,0.0,0.0,0.0,0.0,0.0,0.0,0.0,0.0,0.0,0.0,0.0,0.0,0.0
0.0,0.0,0.0,0.0,0.0,0.0,0.0,0.0,0.0,0.0,0.0,0.0,0.0,0.0,0.0,0.0,0.0,0.0,0.0,0.0,0.0,0.0,0.0,0.0,0.0,0.0,0.0,0.0,0.0,0.0,0.0,0.0,0.0,0.0,0.0,0.0,0.0,0.0,0.0,0.0,0.0,0.0,0.0,0.0,0.0,0.0,0.0,0.0,0.0,0.0,0.0,0.0,0.0,0.0,0.0,0.0,0.0,0.0,0.0,0.0,0.0,0.0,0.0,0.0,0.0,0.0,0.0,0.0,0.0,0.0,0.0,0.0,0.0,0.0,0.0,0.0,0.0,0.0,0.0,0.0,0.0,0.0,0.0,0.0,0.0
0.0,0.0,0.0,0.0,0.0,0.0,0.0,0.0,0.0,0.0,0.0,0.0,0.0,0.0,0.0,0.0,0.0,0.0,0.0,0.0,0.0,0.0,0.0,0.0,0.0,0.0,0.0,0.0,0.0,0.0,0.0,0.0,0.0,0.0,0.0,0.0,0.0,0.0,0.0,0.0,0.0,0.0,0.0,0.0,0.0,0.0,0.0,0.0,0.0,0.0,0.0,0.0,0.0,0.0,0.0,0.0,0.0,0.0,0.0,0.0,0.0,0.0,0.0,0.0,0.0,0.0,0.0,0.0,0.0,0.0,0.0,0.0,0.0,0.0,0.0,0.0,0.0,0.0,0.0,0.0,0.0,0.0,0.0,0.0,0.0
0.0,0.0,0.0,0.0,0.0,0.0,0.0,0.0,0.0,0.0,0.0,0.0,0.0,0.0,0.0,0.0,0.0,0.0,0.0,0.0,0.0,0.0,0.0,0.0,0.0,0.0,0.0,0.0,0.0,0.0,0.0,0.0,0.0,0.0,0.0,0.0,0.0,0.0,0.0,0.0,0.0,0.0,0.0,0.0,0.0,0.0,0.0,0.0,0.0,0.0,0.0,0.0,0.0,0.0,0.0,0.0,0.0,0.0,0.0,0.0,0.0,0.0,0.0,0.0,0.0,0.0,0.0,0.0,0.0,0.0,0.0,0.0,0.0,0.0,0.0,0.0,0.0,0.0,0.0,0.0,0.0,0.0,0.0,0.0,0.0
0.0,0.0,0.0,0.0,0.0,0.0,0.0,0.0,0.0,0.0,0.0,0.0,0.0,0.0,0.0,0.0,0.0,0.0,0.0,0.0,0.0,0.0,0.0,0.0,0.0,0.0,0.0,0.0,0.0,0.0,0.0,0.0,0.0,0.0,0.0,0.0,0.0,0.0,0.0,0.0,0.0,0.0,0.0,0.0,0.0,0.0,0.0,0.0,0.0,0.0,0.0,0.0,0.0,0.0,0.0,0.0,0.0,0.0,0.0,0.0,0.0,0.0,0.0,0.0,0.0,0.0,0.0,0.0,0.0,0.0,0.0,0.0,0.0,0.0,0.0,0.0,0.0,0.0,0.0,0.0,0.0,0.0,0.0,0.0,0.0
0.0,0.0,0.0,0.0,0.0,0.0,0.0,0.0,0.0,0.0,0.0,0.0,0.0,0.0,0.0,0.0,0.0,0.0,0.0,0.0,0.0,0.0,0.0,0.0,0.0,0.0,0.0,0.0,0.0,0.0,0.0,0.0,0.0,0.0,0.0,0.0,0.0,0.0,0.0,0.0,0.0,0.0,0.0,0.0,0.0,0.0,0.0,0.0,0.0,0.0,0.0,0.0,0.0,0.0,0.0,0.0,0.0,0.0,0.0,0.0,0.0,0.0,0.0,0.0,0.0,0.0,0.0,0.0,0.0,0.0,0.0,0.0,0.0,0.0,0.0,0.0,0.0,0.0,0.0,0.0,0.0,0.0,0.0,0.0,0.0
0.0,0.0,0.0,0.0,0.0,0.0,0.0,0.0,0.0,0.0,0.0,0.0,0.0,0.0,0.0,0.0,0.0,0.0,0.0,0.0,0.0,0.0,0.0,0.0,0.0,0.0,0.0,0.0,0.0,0.0,0.0,0.0,0.0,0.0,0.0,0.0,0.0,0.0,0.0,0.0,0.0,0.0,0.0,0.0,0.0,0.0,0.0,0.0,0.0,0.0,0.0,0.0,0.0,0.0,0.0,0.0,0.0,0.0,0.0,0.0,0.0,0.0,0.0,0.0,0.0,0.0,0.0,0.0,0.0,0.0,0.0,0.0,0.0,0.0,0.0,0.0,0.0,0.0,0.0,0.0,0.0,0.0,0.0,0.0,0.0
0.0,0.0,0.0,0.0,0.0,0.0,0.0,0.0,0.0,0.0,0.0,0.0,0.0,0.0,0.0,0.0,0.0,0.0,0.0,0.0,0.0,0.0,0.0,0.0,0.0,0.0,0.0,0.0,0.0,0.0,0.0,0.0,0.0,0.0,0.0,0.0,0.0,0.0,0.0,0.0,0.0,0.0,0.0,0.0,0.0,0.0,0.0,0.0,0.0,0.0,0.0,0.0,0.0,0.0,0.0,0.0,0.0,0.0,0.0,0.0,0.0,0.0,0.0,0.0,0.0,0.0,0.0,0.0,0.0,0.0,0.0,0.0,0.0,0.0,0.0,0.0,0.0,0.0,0.0,0.0,0.0,0.0,0.0,0.0,0.0
0.0,0.0,0.0,0.0,0.0,0.0,0.0,0.0,0.0,0.0,0.0,0.0,0.0,0.0,0.0,0.0,0.0,0.0,0.0,0.0,0.0,0.0,0.0,0.0,0.0,0.0,0.0,0.0,0.0,0.0,0.0,0.0,0.0,0.0,0.0,0.0,0.0,0.0,0.0,0.0,0.0,0.0,0.0,0.0,0.0,0.0,0.0,0.0,0.0,0.0,0.0,0.0,0.0,0.0,0.0,0.0,0.0,0.0,0.0,0.0,0.0,0.0,0.0,0.0,0.0,0.0,0.0,0.0,0.0,0.0,0.0,0.0,0.0,0.0,0.0,0.0,0.0,0.0,0.0,0.0,0.0,0.0,0.0,0.0,0.0
0.0,0.0,0.0,0.0,0.0,0.0,0.0,0.0,0.0,0.0,0.0,0.0,0.0,0.0,0.0,0.0,0.0,0.0,0.0,0.0,0.0,0.0,0.0,0.0,0.0,0.0,0.0,0.0,0.0,0.0,0.0,0.0,0.0,0.0,0.0,0.0,0.0,0.0,0.0,0.0,0.0,0.0,0.0,0.0,0.0,0.0,0.0,0.0,0.0,0.0,0.0,0.0,0.0,0.0,0.0,0.0,0.0,0.0,0.0,0.0,0.0,0.0,0.0,0.0,0.0,0.0,0.0,0.0,0.0,0.0,0.0,0.0,0.0,0.0,0.0,0.0,0.0,0.0,0.0,0.0,0.0,0.0,0.0,0.0,0.0
0.0,0.0,0.0,0.0,0.0,0.0,0.0,0.0,0.0,0.0,0.0,0.0,0.0,0.0,0.0,0.0,0.0,0.0,0.0,0.0,0.0,0.0,0.0,0.0,0.0,0.0,0.0,0.0,0.0,0.0,0.0,0.0,0.0,0.0,0.0,0.0,0.0,0.0,0.0,0.0,0.0,0.0,0.0,0.0,0.0,0.0,0.0,0.0,0.0,0.0,0.0,0.0,0.0,0.0,0.0,0.0,0.0,0.0,0.0,0.0,0.0,0.0,0.0,0.0,0.0,0.0,0.0,0.0,0.0,0.0,0.0,0.0,0.0,0.0,0.0,0.0,0.0,0.0,0.0,0.0,0.0,0.0,0.0,0.0,0.0
0.0,0.0,0.0,0.0,0.0,0.0,0.0,0.0,0.0,0.0,0.0,0.0,0.0,0.0,0.0,0.0,0.0,0.0,0.0,0.0,0.0,0.0,0.0,0.0,0.0,0.0,0.0,0.0,0.0,0.0,0.0,0.0,0.0,0.0,0.0,0.0,0.0,0.0,0.0,0.0,0.0,0.0,0.0,0.0,0.0,0.0,0.0,0.0,0.0,0.0,0.0,0.0,0.0,0.0,0.0,0.0,0.0,0.0,0.0,0.0,0.0,0.0,0.0,0.0,0.0,0.0,0.0,0.0,0.0,0.0,0.0,0.0,0.0,0.0,0.0,0.0,0.0,0.0,0.0,0.0,0.0,0.0,0.0,0.0,0.0
