wind/fgs1.json
{"header": { "gridUnits": "degrees", "gribLength": 132662, "parameterNumberName": "U-component_of_wind", "genProcessType": 2, "forecastTime": 9, "surface1Value": 50000, "significanceOfRT": 1, "productDefinitionTemplate": 0, "disciplineName": "Meteorological products", "surface2Value": 0, "parameterUnit": "m.s-1", "productType": 1, "parameterNumber": 2, "la2": -90, "gridDefinitionTemplate": 0, "significanceOfRTName": "Start of forecast", "surface1TypeName": "Isobaric surface", "productTypeName": "Forecast products", "ny": 181, "resolution": 48, "lo2": 359, "dy": 1, "scanMode": 0, "productStatusName": "Operational products", "surface2Type": 255, "gridDefinitionTemplateName": "Latitude_Longitude", "shape": 6, "refTime": "2014-03-04T06:00:00.000Z", "surface2TypeName": "Missing", "surface1Type": 100, "centerName": "US National Weather Service - NCEP(WMC)", "la1": 90, "shapeName": "Earth spherical with radius of 6,371,229.0 m", "gribEdition": 2, "winds": "true", "numberPoints": 65160, "nx": 360, "subcenter": 0, "basicAngle": 0, "discipline": 0, "productStatus": 0, "center": 7, "productDefinitionTemplateName": "Analysis/forecast at horizontal level/layer at a point in time", "parameterCategory": 2, "parameterCategoryName": "Momentum", "genProcessTypeName": "Forecast", "dx": 1, "lo1": 0, "subDivisions": 0 }, "data":
[rows 38 to 75 of 181, columns 86 to 171 of 360]
-5.9088,0.9677,-6.2916,-1.2361,-10.064,-6.7924,0.1219,0.7771,1.0598,1.3893,0.9272,0.9781,0.0,-0.6293,-0.7071,-0.809,-0.8387,-1.6773,-1.5973,-1.4627,-1.3121,-1.2036,-0.9696,-0.4838,-0.0349,-0.1743,-0.1908,0.1908,0.9511,-0.2419,0.6237,0.4499,-0.4181,-0.835,0.471,1.9081,1.5643,1.3892,-2.7812,2.7351,5.0,-2.728,3.3547,-5.3928,-3.8975,-1.5898,0.908,-2.7816,-1.0419,-3.0783,-0.9767,1.5094,-7.0921,-10.5172,-8.8992,4.2402,-1.6905,-3.6319,-0.6157,-0.3907,-0.2924,-0.1219,1.2313,1.3151,-0.0524,0.0,0.0,0.0,0.0,0.0,0.0,0.0,0.0,0.0,0.0,0.0,0.0,0.0,0.0,0.0,0.0,0.0,0.0,0.0,0.0,0.0
-2.0706,-0.471,-6.2932,-6.1511,-8.9507,1.2096,0.8767,0.0,0.0,1.3121,0.9389,0.3816,0.2437,-0.1219,-0.6018,-1.4387,-1.4627,-1.5094,-1.4627,-1.3383,-1.2313,-1.1184,-0.8767,-0.618,-0.5847,-0.7815,-0.5736,-0.7986,-0.9962,0.9848,0.9781,0.6018,0.0349,0.4158,0.9135,-1.7143,-2.1197,-1.4619,-3.2863,2.0336,3.8008,0.6976,-4.0172,1.0463,1.133,-0.471,3.1058,-2.9969,-1.7365,-3.7461,-5.6988,-5.8177,-4.0148,-0.908,1.1756,1.0419,-2.7239,-0.4181,0.0873,1.6339,-0.9272,1.5543,0.684,-0.5299,0.9976,0.0,0.0,0.0,0.0,0.0,0.0,0.0,0.0,0.0,0.0,0.0,0.0,0.0,0.0,0.0,0.0,0.0,0.0,0.0,0.0,0.0
-1.2679,0.157,4.8907,-1.9537,4.1145,5.2992,1.5747,0.5209,-0.9397,0.0,0.0,-0.5446,0.0524,0.1047,-0.684,-0.908,-0.9389,-1.1756,-1.3383,-1.3121,-1.7207,-1.5451,-0.8767,-1.2202,-0.8452,-0.9389,-0.6157,-0.848,-0.9135,-0.9336,-0.9563,-1.0,0.9976,-0.9986,0.8192,0.9696,0.9696,0.9744,-2.516,-1.888,-0.0349,-0.0,-1.3383,-1.1695,-0.5229,-2.6045,-1.9081,-2.6222,-2.0791,-3.5166,-2.9389,-3.5952,-2.2294,0.5567,-1.5451,-2.2943,-1.0301,0.9767,2.0074,3.2139,0.6959,-2.084,-1.9851,-0.2093,-2.1213,0.0,0.0,0.0,0.0,0.0,0.0,0.0,0.0,0.0,0.0,0.0,0.0,0.0,0.0,0.0,0.0,0.0,0.0,0.0,0.0,0.0
1.1722,2.5712,1.7143,2.2294,-3.3922,0.8135,1.6383,2.9389,4.6353,1.1134,1.3497,1.0396,-0.0,-0.4693,-0.5724,-0.7492,-0.908,-0.8135,-0.908,-1.0893,-1.5898,-1.5,-1.4544,-1.5,-0.9389,-0.9696,-1.1756,-1.4863,-1.6961,-1.9021,-1.9851,-1.9997,1.9754,-1.9696,-1.5543,-0.9925,1.4863,0.2783,0.0,0.225,-0.848,-2.158,-0.5567,-0.6749,-0.9389,-1.6773,-1.9696,0.9962,1.7492,2.9254,0.5724,1.0893,4.0958,4.924,-1.847,-2.1786,-1.4984,0.7632,1.7535,1.1238,-0.2091,0.5567,-1.5629,-2.7786,0.279,0.0,0.0,0.0,0.0,0.0,0.0,0.0,0.0,0.0,0.0,0.0,0.0,0.0,0.0,0.0,0.0,0.0,0.0,0.0,0.0,0.0
-2.0074,-2.8689,0.6093,-0.2094,-1.3497,-0.835,-0.8682,1.816,-0.8771,2.8168,5.541,5.283,-1.576,-3.3922,-0.0349,-0.0175,-1.2036,-0.3473,-0.3816,-0.684,-0.7815,-0.8452,-0.7167,-0.7167,-0.5513,-0.4838,-0.908,-1.4142,-2.2981,-1.782,-1.9988,-1.9805,-0.5878,-0.0,-1.9563,-0.7314,-0.8829,0.7431,1.5094,1.5973,-0.0,0.684,0.0349,-0.7193,1.8779,0.9386,0.6272,1.6278,5.1962,4.981,-2.6239,-2.9726,-4.2402,-4.9992,2.8838,-1.9225,-0.9696,1.3681,0.8316,0.6093,-1.2361,-1.7535,-1.6278,-0.7822,-2.2368,0.0,0.0,0.0,0.0,0.0,0.0,0.0,0.0,0.0,0.0,0.0,0.0,0.0,0.0,0.0,0.0,0.0,0.0,0.0,0.0,0.0
0.4499,-0.7765,-1.3383,-1.1472,-0.6749,-0.4175,-4.8719,3.0642,0.5209,-2.0602,-2.1213,3.7588,5.283,1.1248,-0.3129,0.2091,-0.0349,0.2756,-0.0,-0.0,-0.7492,-0.5847,-0.5176,-0.4158,-0.2091,0.0,-0.2091,0.8572,1.4387,0.5724,-1.1756,-1.989,-0.2079,-0.9767,-1.618,1.3893,1.1472,-0.309,-0.5592,0.1392,0.1392,1.6773,2.516,2.4575,1.2313,0.0,3.8637,6.9957,-5.9963,6.7615,2.8284,3.5318,-2.9726,-4.6025,-1.9487,-0.8572,0.1564,0.8135,1.7634,2.9231,1.9487,-1.8271,0.0698,-0.4848,1.3893,0.0,0.0,0.0,0.0,0.0,0.0,0.0,0.0,0.0,0.0,0.0,0.0,0.0,0.0,0.0,0.0,0.0,0.0,0.0,0.0,0.0
-1.8054,-0.0349,0.1743,-0.4838,-0.9389,-1.4554,0.5581,-1.0453,-0.5234,-1.1134,-0.6272,-4.6359,4.9878,-2.9726,3.9848,4.6629,1.1248,2.0466,-0.2617,-0.1396,-2.1786,-1.5898,-0.7492,-1.0,0.8387,-0.515,2.8838,-1.0751,-0.2091,-2.7189,-1.9563,3.0,-0.5446,0.9945,0.4875,0.157,-2.364,-1.4084,-2.6765,-1.6278,-0.6959,0.0,0.6257,1.3681,1.4619,-0.6946,-3.9932,-7.9015,5.9918,4.9931,-2.9927,3.9848,2.673,0.9389,-0.9455,1.7976,2.7406,3.9848,-4.924,-3.9265,-3.7087,-1.2679,-0.8771,-0.0524,1.4387,0.0,0.0,0.0,0.0,0.0,0.0,0.0,0.0,0.0,0.0,0.0,0.0,0.0,0.0,0.0,0.0,0.0,0.0,0.0,0.0,0.0
0.5234,-2.4807,1.2187,-1.7173,-4.9018,-4.1145,-1.9682,1.3782,0.954,-0.157,0.6947,1.2475,-0.5229,-0.6101,-1.5265,-1.5265,-0.2443,-0.3656,-2.1213,-0.7632,-1.1695,0.9877,-0.6018,-0.0,-1.888,1.6339,2.8669,-3.0902,0.0698,0.684,0.6237,0.309,-1.9696,-1.9682,2.5712,1.1722,-0.7632,-1.6905,-3.2361,0.1047,1.0893,0.5592,1.3121,-0.9816,0.9455,-2.8284,-4.5963,-7.6504,-5.8689,-3.4985,-2.2294,1.9563,0.866,2.9959,-2.9449,-2.9231,-3.7821,-4.7276,-3.7821,-3.5318,-2.673,1.9973,-0.9925,3.9126,2.7816,0.0,0.0,0.0,0.0,0.0,0.0,0.0,0.0,0.0,0.0,0.0,0.0,0.0,0.0,0.0,0.0,0.0,0.0,0.0,0.0,0.0
-0.3136,-1.2313,-0.7815,0.4158,1.9696,1.4863,0.8316,0.1047,-1.816,-3.564,-4.1934,-3.6319,-1.5265,0.8316,-0.684,1.3681,0.8135,-0.9677,2.1631,1.1449,0.6272,-2.3314,-0.2924,3.9392,0.6428,-1.7535,3.2803,0.4175,-3.8042,-1.9924,2.084,-0.5209,-1.9126,-2.9836,-2.4271,-0.225,-0.8771,-0.9677,-1.0751,-2.1941,-2.084,-2.7232,-3.2361,4.7815,3.7343,-4.7815,-1.7101,-3.9976,4.455,2.4871,-1.364,-2.5173,-2.9726,2.424,3.8042,-0.4695,0.5736,0.9877,1.7976,0.3584,-1.6773,-2.516,-1.2036,2.8532,2.9886,0.0,0.0,0.0,0.0,0.0,0.0,0.0,0.0,0.0,0.0,0.0,0.0,0.0,0.0,0.0,0.0,0.0,0.0,0.0,0.0,0.0
1.0,0.4226,0.9994,-0.9511,-0.7314,0.0,-0.2924,0.0349,0.9272,2.8679,1.4984,0.7632,1.362,1.816,1.0396,-0.1745,-0.9271,-1.9392,-1.0261,-0.0,-2.9344,-4.9992,-5.7676,-1.8672,-2.9449,-5.3928,-2.796,-6.2172,-2.7351,-1.3497,0.9877,-2.6239,1.6581,0.7986,0.2588,3.5318,3.5318,-0.3136,-3.6542,-0.788,1.2361,-0.3584,-2.8774,-3.9401,-2.8838,-0.7431,3.8302,-0.6959,-3.8252,-2.673,0.3907,0.9816,0.6511,1.9682,2.1502,-0.954,-4.2858,0.2093,-1.2361,-0.788,1.1238,-1.782,-3.7087,-3.6542,1.3893,0.0,0.0,0.0,0.0,0.0,0.0,0.0,0.0,0.0,0.0,0.0,0.0,0.0,0.0,0.0,0.0,0.0,0.0,0.0,0.0,0.0
0.9696,1.4863,0.7314,-0.8452,-0.7167,-0.3816,0.1395,0.8452,3.2766,7.9015,-8.9124,-4.8541,-3.7735,-1.4335,-1.7634,-2.728,-4.6629,-5.283,-3.3547,2.8366,4.6679,-1.6905,-2.3941,-2.9301,-2.3941,-1.7918,-0.7822,-0.9677,-1.3681,0.5209,1.0751,-1.364,0.4158,0.5592,0.8269,-0.8269,-0.1396,0.2094,-2.5357,-3.8302,-0.6946,-1.873,-3.8252,0.3473,-1.9563,-2.4271,-2.2368,-1.3681,-2.0,-4.2402,-3.8812,-1.0,-1.6905,-0.1396,0.9767,1.8544,1.7659,0.0349,2.046,-0.3486,-3.9144,-4.9253,-2.9389,-0.3656,-1.5629,0.0,0.0,0.0,0.0,0.0,0.0,0.0,0.0,0.0,0.0,0.0,0.0,0.0,0.0,0.0,0.0,0.0,0.0,0.0,0.0,0.0
1.8794,1.841,0.3473,-0.2756,0.866,1.8794,2.364,0.6293,2.0074,2.8679,4.4052,5.44,-3.9702,1.6776,1.3782,4.5315,-0.2615,-3.6053,-3.8785,-1.816,1.5898,-0.4838,0.9962,-1.9754,1.9319,1.9924,-1.9973,-1.9997,-1.9988,-1.9805,-1.7321,-1.8544,1.9696,1.9563,0.9455,0.8192,-0.2091,-0.8998,-4.2426,-4.5283,-3.41,-2.7816,-0.1219,-1.9682,-0.8998,2.5173,2.9544,1.6773,-2.7816,-0.4848,-0.6749,-1.4335,0.9994,-3.9932,-4.1452,-2.8191,0.2091,-1.5898,-0.9135,-5.143,-7.795,-0.1045,-0.3473,-1.3681,-1.7207,0.0,0.0,0.0,0.0,0.0,0.0,0.0,0.0,0.0,0.0,0.0,0.0,0.0,0.0,0.0,0.0,0.0,0.0,0.0,0.0,0.0
1.9851,0.9205,1.9633,-1.9696,-2.9109,-2.9344,-1.9487,-1.841,-1.8672,-1.9319,-0.9063,2.9254,-0.3664,-2.5086,-3.6053,-4.8541,4.7276,1.2313,0.8269,0.3136,-3.4287,-2.4073,-1.9284,-2.5981,-1.841,-1.9487,2.0,1.9851,1.9406,1.6961,1.7492,1.6773,2.8366,-2.9886,-1.618,-1.9225,-0.1564,-0.6561,-0.4838,2.1786,-0.8767,1.3893,0.9677,-0.7167,-0.6093,-4.6025,0.9271,-1.6773,-2.0,0.6959,3.7343,-5.9772,5.9416,-2.4575,-0.2093,-3.41,-0.2617,-1.9534,-4.6679,-3.6252,3.9392,0.4499,0.3746,0.9205,-1.8794,0.0,0.0,0.0,0.0,0.0,0.0,0.0,0.0,0.0,0.0,0.0,0.0,0.0,0.0,0.0,0.0,0.0,0.0,0.0,0.0,0.0
0.5446,-0.1564,1.2856,1.8672,-0.9994,-0.9613,-0.9272,-0.7193,-0.5736,-1.6773,-1.9225,-2.6239,-2.4575,-2.1941,-0.9703,1.1695,0.3136,-2.1197,-2.2943,3.8812,-1.7634,-1.3383,-0.1736,1.0261,-1.0,1.9997,0.9703,0.8746,1.6383,0.9696,1.3893,2.084,1.0751,1.2679,2.046,1.847,-0.4695,0.5299,2.046,2.7816,-3.8042,-3.4641,-0.3656,3.8857,0.8829,-0.0,1.5973,0.5209,-5.2485,-2.3941,-2.796,-3.0783,-3.152,-2.2981,-0.0,-2.0,-2.27,0.0524,4.7276,4.5315,2.9982,-1.9021,-1.2856,-1.5,-1.0598,0.0,0.0,0.0,0.0,0.0,0.0,0.0,0.0,0.0,0.0,0.0,0.0,0.0,0.0,0.0,0.0,0.0,0.0,0.0,0.0,0.0
0.3256,-0.9781,-1.9319,-1.0301,0.618,0.2079,0.1908,-0.0,-0.0,-0.0,0.5878,0.6428,1.4863,0.9063,-0.8572,-2.2294,-2.8007,-3.1945,-0.9389,1.5321,-0.2588,-0.1395,0.6237,-2.9109,-1.7321,1.7492,0.9511,0.682,1.1184,0.7167,1.1472,1.8794,0.9135,1.4387,2.4871,2.8532,-2.673,-2.8284,-3.2803,-2.8679,-0.9767,-2.8689,-7.7782,-5.2485,-0.4883,-0.7844,1.3357,-3.564,0.5209,1.4627,-0.4499,-1.9392,-0.4875,-2.27,-2.27,-1.6905,-3.1466,1.9537,4.2426,5.4813,2.5715,-0.3584,-0.3256,-0.829,-0.7492,0.0,0.0,0.0,0.0,0.0,0.0,0.0,0.0,0.0,0.0,0.0,0.0,0.0,0.0,0.0,0.0,0.0,0.0,0.0,0.0,0.0
-0.1564,-0.5299,-1.9988,2.9344,-2.9927,-2.2981,-2.4073,-2.1786,-1.6776,-2.1941,-2.6964,-2.6239,-0.2091,1.1238,0.7167,0.5592,-1.9988,-3.6542,-2.673,-1.8672,-0.9703,-0.8746,-0.9962,2.4626,1.4335,0.5209,-0.4838,-0.0349,-0.8988,0.3816,0.8135,1.5094,1.7321,2.6239,-4.9992,-4.6985,-2.8774,-3.0091,3.5355,-4.6679,-5.6639,-3.3552,-8.8892,-2.7406,-1.7492,-6.6186,-0.2437,-2.3474,2.5441,-4.924,-2.4575,0.788,2.7406,-2.2294,1.9951,-1.0353,1.7634,-5.7063,-6.5778,-4.8719,-1.9225,-0.766,-2.9231,-2.046,-2.4626,0.0,0.0,0.0,0.0,0.0,0.0,0.0,0.0,0.0,0.0,0.0,0.0,0.0,0.0,0.0,0.0,0.0,0.0,0.0,0.0,0.0
-1.8054,-1.888,-1.4863,-1.9021,1.8544,0.908,1.5973,-1.576,-1.1238,-1.3151,-0.4226,-0.7547,-0.0872,0.8452,1.2679,1.9284,2.8838,-2.8366,-2.7406,-0.0,0.9563,-1.6773,-1.1238,1.0419,-3.152,3.9848,0.0,0.1908,0.6157,1.2856,1.1722,1.0893,2.673,-3.9903,-4.9878,1.9406,1.1238,-1.6905,-6.6913,-7.0711,-6.2172,-4.7693,-3.1086,2.2981,5.1423,-1.2155,-0.6093,7.6085,4.7815,2.046,-1.0598,1.8794,0.8135,-2.7406,-0.6018,-4.5963,-6.0222,-7.6324,-5.283,-3.4415,-1.4515,-1.5529,0.6093,-4.2858,-1.4984,0.0,0.0,0.0,0.0,0.0,0.0,0.0,0.0,0.0,0.0,0.0,0.0,0.0,0.0,0.0,0.0,0.0,0.0,0.0,0.0,0.0
-2.2368,-2.1786,-1.8054,-2.2981,-2.7406,-1.841,-0.848,-0.0,-0.5592,-0.8771,-0.7765,-0.0,0.4158,0.3473,0.2615,0.4875,0.0873,-0.7312,-1.8117,-2.3941,-1.1449,-0.9677,-0.1396,-1.9537,-0.4875,0.2093,0.3473,0.5513,1.9126,2.7406,1.4387,-2.9544,-3.9945,3.8252,2.6242,-2.9583,-0.6101,-7.7782,-9.1194,-0.1743,-4.9149,-2.1131,2.796,3.0188,2.6239,-2.8191,-4.9878,4.7281,4.316,0.4695,0.6018,-0.9703,-1.8054,-3.3552,-6.364,-6.82,-5.6631,-3.9401,-3.3162,-2.1213,-2.2641,-1.2679,-1.1025,-0.3656,0.6237,0.0,0.0,0.0,0.0,0.0,0.0,0.0,0.0,0.0,0.0,0.0,0.0,0.0,0.0,0.0,0.0,0.0,0.0,0.0,0.0,0.0
-0.684,-0.618,-0.7492,-2.4626,-3.0642,-2.1213,-1.888,-0.908,-1.1184,-0.2924,0.5299,0.848,0.454,-0.618,-1.5629,-1.5629,-2.6242,-4.0451,-2.1213,-0.7771,-0.2079,0.7547,1.9563,-2.9708,-2.7189,-1.8794,-1.9924,-2.9959,2.9109,3.8042,2.9631,1.0301,1.6269,-0.1047,-2.8669,-2.0337,-7.2812,-10.1766,-0.9389,-0.0873,-1.847,3.152,5.8033,3.9932,1.6269,3.1466,5.7063,1.7659,1.3151,-1.0419,-1.1449,-2.1786,-3.9401,-3.0902,-6.0002,-4.3301,-6.847,-3.9781,3.7343,-1.9696,0.848,2.5441,-1.9406,2.6488,2.158,0.0,0.0,0.0,0.0,0.0,0.0,0.0,0.0,0.0,0.0,0.0,0.0,0.0,0.0,0.0,0.0,0.0,0.0,0.0,0.0,0.0
-0.0349,-0.2079,-0.454,-2.8284,-2.5712,-3.0188,-2.5712,-2.5712,-3.0642,-1.7634,-1.2679,-1.2202,-3.0091,-4.8626,-1.3681,-1.7535,-4.092,-4.0451,-0.7771,0.515,-0.1736,-1.9126,-1.891,-1.9319,-0.8988,-1.3383,1.364,1.2679,0.1047,0.4875,-3.0902,-2.7351,-1.3892,-3.0782,-2.0706,-2.3444,-10.5194,-0.5567,2.0,2.9927,-1.4084,1.1695,1.3782,1.0396,2.0602,3.5267,0.8767,-0.5176,-1.1756,-2.6496,-1.2096,-3.0902,-2.9389,-1.9534,-3.8125,-4.455,-6.9478,-2.7786,-2.6496,-0.8767,-1.9392,-2.1786,-1.1238,-0.5226,-0.314,0.0,0.0,0.0,0.0,0.0,0.0,0.0,0.0,0.0,0.0,0.0,0.0,0.0,0.0,0.0,0.0,0.0,0.0,0.0,0.0,0.0
-1.1184,-2.3511,-2.4626,-3.41,-3.2803,-2.4073,-3.7157,-3.41,-4.2426,-4.168,-3.5267,-4.3096,-5.202,-2.5712,-1.2361,-3.1466,-3.6568,-1.4084,-0.1564,-0.829,-0.788,0.1219,-0.225,-0.2079,-0.8316,-0.5176,-0.0349,0.1392,-0.3486,-1.6538,-3.9144,-3.7759,-4.2426,-2.5173,-4.168,-3.5,-0.809,1.1756,-5.7676,-1.782,1.618,3.6252,-4.9627,-3.6252,2.9544,0.0,-0.684,-0.3746,0.1392,0.2924,-1.3151,-2.2294,-4.8296,-4.9627,-4.7815,-4.7281,-1.4335,-3.845,-1.9284,0.8682,-1.873,-2.3314,-1.0893,-1.9696,-0.9767,0.0,0.0,0.0,0.0,0.0,0.0,0.0,0.0,0.0,0.0,0.0,0.0,0.0,0.0,0.0,0.0,0.0,0.0,0.0,0.0,0.0
-1.1756,-3.0783,-3.9364,-3.1466,-3.1466,-3.2803,-4.4589,-4.5963,-4.5963,-4.6629,-4.3881,-3.7735,-3.0188,-2.4626,-1.9392,-3.2139,-2.0,-0.2615,-0.5513,-1.0893,-0.454,0.0872,-0.1736,-0.3584,0.5878,0.4848,0.1392,0.1219,-0.5592,-3.0091,-4.4589,-3.5267,-2.5,-2.7786,-5.6015,1.7321,-2.9109,-7.9696,-3.3922,4.7276,3.1466,2.1502,-0.8362,-0.1571,-1.6633,-3.0686,0.3584,0.4067,0.9903,0.0,0.809,-4.3301,-4.7281,-3.9932,-2.8284,2.8532,2.046,2.7816,-0.9925,-1.9696,-0.0,0.6511,-1.0,0.0175,-0.4226,0.0,0.0,0.0,0.0,0.0,0.0,0.0,0.0,0.0,0.0,0.0,0.0,0.0,0.0,0.0,0.0,0.0,0.0,0.0,0.0,0.0
-2.8774,-3.6568,-3.7735,-3.7157,-4.5283,-4.5283,-5.7341,-5.5161,-5.8707,-5.0883,-3.8302,-3.5967,-2.4626,-3.1466,-3.2139,-2.8679,-1.3681,-1.1695,-0.684,-0.0349,0.1564,-0.1045,0.1736,-0.1045,-1.0,-0.618,-0.684,-0.9271,0.7258,-2.1131,-3.6568,-1.5543,0.7167,-2.4626,2.4271,-0.5513,-3.6053,-5.2477,-0.6947,-0.2093,-0.3129,0.0175,-0.0,0.5878,2.3959,5.7956,-4.9992,-0.9659,-0.0175,-1.1184,-1.6383,-3.7343,-0.1392,2.7406,2.8838,-2.9231,-3.7087,-1.7535,-1.847,0.8829,1.8126,-2.158,-2.3959,-0.9205,0.9976,0.0,0.0,0.0,0.0,0.0,0.0,0.0,0.0,0.0,0.0,0.0,0.0,0.0,0.0,0.0,0.0,0.0,0.0,0.0,0.0,0.0
-3.9932,-4.7281,-4.8541,-5.032,-6.0002,-6.0622,-7.1281,-5.4378,-5.3928,-5.4378,-4.2402,-3.7735,-3.3457,-3.9364,-3.2803,-2.9389,-0.7815,-0.4838,-0.2091,-0.1743,-0.0523,-0.2756,-0.4695,-0.8452,-0.1743,-0.4838,-2.27,-0.954,-0.2615,-0.5446,-0.0175,0.1219,-0.0349,-0.225,-1.0598,-1.6278,-4.168,-4.981,0.1564,-1.618,-0.891,-0.7547,-0.7986,-0.9063,2.2981,3.1779,1.7918,-0.8135,-1.0598,0.1908,0.1045,2.9631,-0.9659,-0.4384,4.9513,-2.3959,1.9563,-0.9986,1.9851,-0.5878,-0.8988,0.8746,0.6691,-0.9994,-0.7071,0.0,0.0,0.0,0.0,0.0,0.0,0.0,0.0,0.0,0.0,0.0,0.0,0.0,0.0,0.0,0.0,0.0,0.0,0.0,0.0,0.0
-4.7281,-5.6631,-3.9401,-3.3162,-4.9742,-6.9282,-5.4378,-3.564,-3.5318,-3.4287,-3.3162,-3.1086,-3.5967,-4.8626,-4.4052,-4.8145,-1.4084,-1.1238,-0.6237,-0.7258,-0.6237,-0.9271,-0.618,-0.7815,-0.3473,-0.7492,-0.0698,0.5209,-1.1722,-0.4384,0.2419,-0.4158,-0.5513,-1.4627,-1.9487,-0.8998,-1.1025,-0.8269,0.5847,-0.7547,-1.3893,-0.7258,-0.3129,-0.7815,-1.0261,-0.279,-0.3136,0.3584,0.891,0.8829,1.3121,-1.9682,1.9997,0.8452,-3.8975,-0.3256,0.9205,-0.9613,0.0,-0.9511,-0.8829,-0.9877,-0.682,-0.2756,-0.5878,0.0,0.0,0.0,0.0,0.0,0.0,0.0,0.0,0.0,0.0,0.0,0.0,0.0,0.0,0.0,0.0,0.0,0.0,0.0,0.0,0.0
-6.0377,-6.6323,-3.1086,-2.1941,-4.9149,-6.7094,-4.1452,-2.364,-2.364,-2.2641,-2.1941,-2.084,-2.728,-5.353,-5.1423,-5.541,-2.1786,-1.8779,-1.7535,-1.9392,-1.7207,-1.3383,-1.9682,-1.0301,-0.908,-0.7167,0.0,-1.1238,-0.4838,0.2783,-0.3129,-1.0751,-2.6765,-1.5898,-2.673,1.9126,1.4863,-0.0,-0.6691,-0.0,0.809,0.0,0.3907,-0.809,-0.9781,-0.9613,-0.9336,-0.9272,0.9703,-0.0175,0.1736,-0.3746,-0.9994,-2.8774,-2.9886,2.8366,0.0872,-1.0893,-1.5,-0.7167,-0.2437,-1.4084,-2.0602,-0.2093,1.0353,0.0,0.0,0.0,0.0,0.0,0.0,0.0,0.0,0.0,0.0,0.0,0.0,0.0,0.0,0.0,0.0,0.0,0.0,0.0,0.0,0.0
-2.1941,-2.364,-2.2981,-2.3959,-2.4871,-2.516,-2.4271,-1.576,-2.364,-2.3314,-2.2641,-1.4387,-2.158,-5.5573,-5.353,-2.4073,-2.2943,-1.6339,-2.1197,-2.1786,-1.7634,-2.046,-2.2641,-1.576,-1.6581,-1.5543,-1.576,-1.7143,-1.5321,-0.5,-1.0301,-1.0893,-1.0893,-0.9389,-1.1722,-1.1756,-1.364,-0.9816,0.8572,-0.2588,-0.2588,0.1908,0.891,0.9848,0.5446,-0.3256,-1.1184,-0.0523,0.4384,0.6691,0.5592,0.6428,-0.1219,-1.2586,-1.0301,-0.908,-0.6428,-0.9511,-1.9633,-0.866,-1.0893,-0.3256,0.3746,1.8544,-1.9951,0.0,0.0,0.0,0.0,0.0,0.0,0.0,0.0,0.0,0.0,0.0,0.0,0.0,0.0,0.0,0.0,0.0,0.0,0.0,0.0,0.0
-0.7771,-0.8387,-1.7321,-1.8271,-1.8544,-1.8544,-1.8271,-0.891,-1.7321,-2.6239,-1.7321,-1.6581,-2.4575,-6.3041,-5.9452,-2.158,-1.2586,-1.1472,-2.3511,-2.4073,-1.888,-2.0074,-2.046,-2.2641,-2.364,-1.618,-1.6961,-1.7492,-1.782,-1.7492,-1.6383,-1.6581,-1.4142,-0.5,-0.3129,0.0,0.1743,0.2783,0.2588,0.8192,0.9994,-0.9613,-0.0,-0.9135,0.9903,0.0,0.6561,-0.9816,0.5299,0.5299,0.7167,0.2756,-0.6691,-0.891,0.1219,-1.4863,-1.5321,-1.4863,-1.1472,-0.5,-0.0175,0.8829,0.9511,0.9744,1.8271,0.0,0.0,0.0,0.0,0.0,0.0,0.0,0.0,0.0,0.0,0.0,0.0,0.0,0.0,0.0,0.0,0.0,0.0,0.0,0.0,0.0
-0.9336,-0.9272,-1.8672,-1.8672,-1.8672,-1.8672,-2.8007,-2.8191,-2.8007,-1.8126,-2.7406,-3.682,-3.6542,-6.3948,-5.346,-2.5715,-1.6383,-1.5543,-3.0642,-2.8774,-2.1213,-2.0074,-1.888,-2.0074,-1.9682,-1.9284,-1.9284,-2.046,-1.4627,-1.5973,-1.7321,-0.829,-1.7976,-1.7976,-1.3893,-1.3151,-0.7765,0.3136,0.4499,0.2783,0.7258,0.7258,-0.2437,0.0698,0.0,-0.3256,-0.4067,-0.8572,-0.4695,-0.9703,0.225,0.1736,-0.8767,-1.3121,-1.3893,-1.2313,-1.7143,-0.8387,0.5736,0.9135,0.9455,1.8544,1.9021,1.9973,-0.9903,0.0,0.0,0.0,0.0,0.0,0.0,0.0,0.0,0.0,0.0,0.0,0.0,0.0,0.0,0.0,0.0,0.0,0.0,0.0,0.0,0.0
-1.9406,-1.9225,-0.9511,-0.9455,-0.9455,-1.891,-3.845,-6.7921,-4.7815,-1.8271,-2.7615,-6.4903,-6.3948,-2.6239,-2.5715,-1.6961,-1.618,-1.6581,-3.4985,-3.564,-3.4985,-3.2766,-2.2294,-2.1213,-2.0074,-1.847,-1.8054,-1.847,-1.5898,-1.6776,-1.2313,-1.4627,-1.7976,-3.4985,-3.2361,-5.1195,-2.6496,-0.8998,0.3129,0.342,0.6018,0.7193,1.1184,0.9696,0.2437,-0.1564,0.2419,-0.0698,-1.2313,-1.0893,-1.1472,-0.1908,-0.7071,-0.9744,0.9744,0.9511,0.9135,-0.788,0.7771,0.7071,0.7547,0.866,1.9225,1.8794,1.6773,0.0,0.0,0.0,0.0,0.0,0.0,0.0,0.0,0.0,0.0,0.0,0.0,0.0,0.0,0.0,0.0,0.0,0.0,0.0,0.0,0.0
-0.9877,-1.9633,-0.9781,-0.9744,-2.9344,-4.924,-5.8898,-6.8714,-5.7956,-4.7553,-4.6985,-4.6025,-4.4147,-3.3922,-3.2766,-1.576,-1.5543,-1.4863,-2.3959,-2.4271,-2.5441,-2.5715,-2.5715,-1.6773,-2.2641,-1.9682,-1.8054,-1.6339,-1.3151,-1.1722,-1.1722,-2.0602,-3.41,-3.2803,-2.6242,-2.5712,-1.5,-0.0,-0.0,0.4067,0.6561,1.5321,1.7321,0.8572,0.829,0.6018,-0.2756,-1.2313,-1.4142,-0.6293,0.9703,-0.9877,-0.766,-0.9455,-0.9986,0.9744,-0.0,0.766,0.5878,0.766,0.682,0.8387,1.7492,1.5321,1.4142,0.0,0.0,0.0,0.0,0.0,0.0,0.0,0.0,0.0,0.0,0.0,0.0,0.0,0.0,0.0,0.0,0.0,0.0,0.0,0.0,0.0
-0.9903,-0.9877,-0.9877,-0.9816,-4.9726,-6.9829,-7.9562,-7.9015,-7.795,-8.6933,-7.5175,-3.3922,-3.1945,-3.152,-2.3314,-1.4863,-1.4627,-1.4387,-1.3893,-2.158,-2.1941,-1.5094,-1.5543,-2.4271,-2.4271,-2.364,-1.3383,-1.5451,-1.2202,-0.6237,-2.4404,-4.4052,-3.6109,-2.5752,-1.0301,-0.9389,0.1736,0.454,0.3746,0.5736,1.0598,1.4084,1.1722,0.4499,0.1047,-0.3473,-0.6511,-0.8452,-0.515,-0.225,-0.788,-0.9962,-0.9877,0.9511,0.848,0.9994,0.4226,-0.515,-0.1392,0.3746,0.4067,0.9336,0.9455,0.8572,0.7193,0.0,0.0,0.0,0.0,0.0,0.0,0.0,0.0,0.0,0.0,0.0,0.0,0.0,0.0,0.0,0.0,0.0,0.0,0.0,0.0,0.0
-0.9945,-0.9903,-1.9754,-2.9836,-2.9927,-3.9903,-3.9781,-3.9611,-3.9702,-6.9829,-6.9734,-1.841,-1.6383,-1.5094,-2.1941,-2.1941,-2.2641,-2.364,-2.3314,-1.4863,-2.2641,-1.4863,-2.1941,-2.2294,-1.5321,-1.5543,-1.4387,-1.8054,-1.2679,-1.7918,-2.9089,-3.5267,-2.2368,-0.9271,-0.684,-0.6511,-0.2091,0.157,0.4175,0.2093,-0.1396,-0.2093,0.0524,-0.3129,-0.2091,-0.2091,-0.0698,-0.0523,-0.0523,-0.1736,-0.6561,-0.9744,0.9744,0.8829,0.9613,-0.9205,-0.2079,-0.4384,-0.4848,-0.0523,0.309,0.7071,1.6581,0.8829,0.9336,0.0,0.0,0.0,0.0,0.0,0.0,0.0,0.0,0.0,0.0,0.0,0.0,0.0,0.0,0.0,0.0,0.0,0.0,0.0,0.0,0.0
-0.9976,-0.9945,-0.9945,-2.9995,-2.9995,-2.9995,-2.9995,-2.9982,-2.9959,-2.9886,-1.9754,-1.9319,-1.8126,-0.8192,-0.766,-2.2981,-2.364,-2.4871,-1.7143,-1.6581,-1.5973,-1.6383,-1.6773,-1.5973,-1.4863,-2.084,-1.888,-1.847,-2.3511,-3.1795,-2.8168,-2.424,-1.1722,-0.5513,-0.4838,-0.5513,-0.6749,-0.6257,-0.5567,-0.3486,-0.4693,-0.4693,-0.3816,-0.1908,-0.0698,0.0523,0.1908,0.0698,-0.2079,-0.5,-0.7314,-0.8988,-0.9781,-0.9877,-0.9703,-0.8746,-0.4226,-0.342,-1.362,-0.342,0.2756,0.7431,0.7314,1.4387,1.2586,0.0,0.0,0.0,0.0,0.0,0.0,0.0,0.0,0.0,0.0,0.0,0.0,0.0,0.0,0.0,0.0,0.0,0.0,0.0,0.0,0.0
1.9924,1.9973,1.9973,2.9927,2.9776,2.9836,1.9951,1.9988,2.9995,3.0,-1.9988,-1.989,-1.9406,-1.782,-2.364,-2.2641,-2.3314,-2.4271,-1.6581,-1.6773,-1.6773,-2.4271,-1.5321,-1.576,-1.618,-1.6383,-1.3383,-1.6339,-2.1197,-2.6496,-2.27,-2.0337,-1.3681,-0.9271,-0.8269,-0.6749,-0.8316,-0.8316,-0.7765,-0.6749,-0.5209,-0.2783,-0.1045,-0.0349,-0.1045,-0.3473,-0.4499,-0.684,-0.9696,-1.2586,-0.7071,-0.766,-0.788,-0.5878,-0.2756,-0.3746,-0.3746,-0.3129,-0.4499,-0.1908,0.1743,0.515,0.6157,0.7193,1.1756,0.0,0.0,0.0,0.0,0.0,0.0,0.0,0.0,0.0,0.0,0.0,0.0,0.0,0.0,0.0,0.0,0.0,0.0,0.0,0.0,0.0
1.9126,1.9319,1.9406,1.9406,2.9449,2.9544,0.9925,0.9986,1.9988,2.9959,2.0,-1.9997,-1.9988,-2.9836,-2.8689,-2.673,-2.516,-1.5973,-1.6581,-1.7659,-2.7406,-3.5318,-1.5543,-1.4142,-1.3383,-1.5094,-1.6383,-1.4387,-1.5,-2.0337,-1.873,-1.7101,-1.4619,-1.2941,-1.2096,-0.6946,-0.6946,-0.7632,-0.4158,-0.4158,-0.2783,0.0349,-0.0175,-0.7167,-0.618,-0.9271,-1.362,-1.8054,-1.888,-1.888,-0.6428,-0.6428,-0.5,-0.2588,-0.225,-0.3907,-0.2588,0.2924,0.309,-0.1045,-0.0872,0.225,0.454,0.5299,0.5446,0.0,0.0,0.0,0.0,0.0,0.0,0.0,0.0,0.0,0.0,0.0,0.0,0.0,0.0,0.0,0.0,0.0,0.0,0.0,0.0,0.0
1.8544,1.8672,1.891,1.9225,1.9406,1.9487,0.9848,0.9925,1.9924,1.9973,-1.9997,-1.9924,-1.9924,-1.9951,-1.9851,-1.9487,-1.8794,-1.782,-1.7492,-1.8544,-2.8838,-3.7821,-1.5973,-1.2036,-1.1756,-1.847,-2.084,-2.364,-1.9682,-1.6905,-1.2941,-1.0396,-0.6257,-0.4693,-0.5567,-0.3486,-0.4181,-0.4181,-0.2091,-0.3129,-0.0,0.0349,-0.9767,-0.5513,-0.2091,-0.4838,-0.9389,-1.2586,-1.4142,-1.4627,-0.7071,-0.6561,-0.4384,-0.3907,-0.454,-0.309,0.0175,0.2419,0.0872,-0.0349,-0.0698,0.3256,0.5,0.5736,0.6947,0.0,0.0,0.0,0.0,0.0,0.0,0.0,0.0,0.0,0.0,0.0,0.0,0.0,0.0,0.0,0.0,0.0,0.0,0.0,0.0,0.0
0.891,0.891,0.9135,0.9336,0.9455,0.9563,0.9659,0.9744,0.9877,0.9962,1.9988,-1.9973,-1.9924,-1.9851,-1.9754,-1.9633,-1.9225,-1.8794,-1.841,-1.9021,-2.9344,-2.8978,-1.5321,-1.0598,-1.0893,-1.6776,-1.9284,-2.2641,-2.1213,-1.5629,-0.6946,-0.2093,0.1047,0.1047,0.0698,-0.0,-0.0698,-0.1396,-0.1047,-0.1395,-0.1743,-0.3136,-0.7258,-0.2437,-0.1047,-0.3256,-0.5446,-0.5878,-0.6428,-0.7547,-0.7986,-0.788,-0.6947,-0.4695,-0.2419,-0.0872,0.0523,0.0523,0.1908,0.4067,0.5592,0.6293,0.6691,0.7071,0.6561,0.0,0.0,0.0,0.0,0.0,0.0,0.0,0.0,0.0,0.0,0.0,0.0,0.0,0.0,0.0,0.0,0.0,0.0,0.0,0.0,0.0
